4597	4314	3
4314	1710	3
4314	1312	4
4314	2921	4
4314	5077	3
4314	4959	6
4314	2190	26
4314	3366	4
4314	5085	7
4314	3476	4
4314	2224	16
4314	1773	3
4314	1398	5
4314	1532	8
4314	2169	3
4314	1907	4
4314	4668	153
4314	4697	10
4314	3807	14
4314	1360	3
4314	3894	14
4314	422	6
4314	2876	16
4314	3648	3
4314	1392	9
4314	752	8
4314	1835	6
4314	2300	22
4314	902	3
4314	74	16
4314	3509	8
4314	365	18
4314	4753	5
4314	8	10
4314	877	12
4314	850	3
4314	3977	3
4314	2504	6
4314	4867	14
4314	1893	10
4314	1015	6
4314	2470	4
4314	58	13
4314	3100	18
4314	1025	8
4314	2745	10
4314	5147	6
4314	2007	3
4314	17	21
4314	4224	7
4314	3347	4
4314	4353	6
4314	1232	5
4314	2992	6
4314	4769	3
4314	4568	6
4314	813	13
4314	728	3
4314	1900	3
4279	4649	8
4279	1009	3
920	4370	3
920	995	3
920	3772	3
1175	375	5
931	4239	7
931	2755	3
4239	416	3
1710	3769	16
1710	4486	43
3867	3966	5
3867	11	8
3867	1166	4
3867	2289	4
1749	3243	3
3758	520	3
3520	2574	13
3520	2096	6
3520	4543	20
2921	4250	3
2921	4959	3
2921	657	4
2921	3164	3
2921	2224	4
2921	2739	6
2921	764	8
2921	1962	4
2921	2262	4
2921	1580	3
2921	4671	3
2921	36	4
2921	4723	8
2921	4581	5
3663	2546	12
3663	2549	3
2038	2804	4
2038	3556	4
744	1584	3
1289	4719	3
1289	128	3
5077	1538	3
126	4635	7
55	995	3
3248	1773	3
3248	2126	3
4537	4668	4
3183	587	8
4596	1085	6
3881	2165	3
3881	3074	8
3881	2198	4
3881	2639	5
3323	4370	4
3382	4778	4
2807	1854	3
2807	3394	3
3589	3798	3
3589	1457	3
824	2344	4
824	622	5
824	3921	8
4593	230	5
3494	1475	14
3992	4370	16
3992	1377	5
3992	2280	5
3992	3774	3
3992	1888	3
3992	587	5
3992	174	3
3992	4276	3
3992	1400	3
737	622	3
737	2688	4
737	3921	4
2487	2217	12
2487	3324	3
2487	1888	5
2487	764	3
2487	587	13
4433	3960	3
4433	1848	5
4433	3556	8
4433	2518	3
4433	153	3
4433	4613	3
4433	1025	3
972	2620	3
972	2453	4
972	8	3
3052	230	6
4250	4370	6
4250	2447	6
4250	2620	6
4250	8	3
4250	230	4
4144	1613	4
4144	1184	4
4144	4641	9
4144	658	3
4144	4211	4
4144	5213	3
390	5218	3
390	4276	5
1863	1456	8
1863	598	5
1863	114	3
4135	3324	5
4135	2852	5
4135	5131	11
385	101	7
385	230	9
2394	2385	3
2394	2456	3
2394	903	7
631	2546	3
1822	101	3
1822	4563	4
1822	625	6
3818	2546	15
4056	237	3
2225	2621	8
2225	3556	7
2225	4464	6
2763	3730	17
2763	3637	3
4808	3086	6
4971	2139	5
4971	1106	8
4971	1870	3
4971	288	9
4971	764	13
4971	2574	4
4971	1893	3
4971	4543	3
4971	1613	11
4971	506	3
4971	1614	3
647	1005	4
3101	3839	3
2831	4370	4
2831	5218	3
2429	1577	3
4448	4649	4
4448	3453	8
3456	4668	3
3456	764	5
4719	128	3
982	4937	5
982	3871	3
982	1004	3
982	724	5
1929	4649	4
2217	4510	8
497	4370	15
1764	4397	7
1764	2623	3
1764	472	14
1764	1447	5
3958	515	3
3958	1826	3
3958	230	4
3958	2627	4
394	4149	7
394	989	4
2754	4149	4
1539	515	4
1539	3243	3
4370	2868	3
4370	4025	7
4370	515	5
4370	2070	3
4370	5016	4
4370	1235	6
4370	243	5
4370	1393	3
4370	1377	19
4370	4877	3
4370	2620	13
4370	884	34
4370	4980	5
4370	5218	3
4370	1538	3
4370	4541	3
4370	3774	5
4370	1888	24
4370	1962	4
4370	2141	3
4370	2013	6
4370	1609	7
4370	1227	4
4370	587	13
4370	2470	6
4370	2516	4
4370	425	3
4370	1781	4
4370	1984	3
4370	1574	9
4370	4075	7
4370	4276	4
4370	3457	12
4370	4653	12
4370	3613	7
4370	4974	4
4370	1636	3
4370	4568	7
4370	1881	3
4370	3522	11
4370	388	8
1586	3677	5
730	918	5
4959	1854	105
4959	4203	3
4959	1386	4
4959	1580	3
4959	3688	3
4959	1232	7
4959	4945	8
48	3961	3
2139	4635	3
2819	477	6
5030	11	5
5030	1166	3
1950	4619	3
1028	1802	3
3783	2620	6
3783	4654	6
3783	101	3
2935	1854	3
2935	3985	3
5252	1854	99
5252	4865	3
5252	5001	4
5252	3721	5
5252	4224	3
5252	1212	3
5252	892	3
5252	488	3
5252	2542	20
4814	2080	3
4814	1866	30
4814	2006	12
4814	3426	6
4814	2305	3
4814	5001	4
4814	91	8
4814	3493	5
4814	4337	3
4814	1049	6
4814	4813	7
4814	628	3
4814	3001	4
4814	3730	3
4814	3200	3
4814	4670	5
4814	5039	3
4814	432	4
4814	3189	3
4814	106	7
4814	1614	4
4814	4961	4
4814	1328	3
4814	3519	3
5032	1854	8
5032	3389	18
5032	1532	7
5032	3807	3
5032	2917	14
5032	74	7
5032	8	6
5032	1002	3
5032	4326	5
5032	585	3
5032	4568	18
5032	4528	4
5032	4122	54
1082	2284	4
1082	1382	7
1082	1377	3
1082	2892	4
4025	3961	3
4025	574	3
3885	992	9
3885	488	3
3885	2309	5
3885	2542	4
2536	2943	3
2536	4697	6
5237	1773	3
5237	1802	10
1854	4203	3
1854	4949	3
1854	3894	4
1854	45	4
1854	836	3
1854	8	21
1854	1475	3
1854	875	3
1854	323	3
1854	200	3
1854	1238	3
1854	2456	3
1854	3230	4
1854	1232	7
1854	3054	3
1854	1181	3
1854	4067	3
1742	1387	3
2100	2718	12
2100	91	6
2100	23	15
1774	3366	3
854	1108	5
854	5075	3
854	1086	3
2871	2984	6
3690	3250	3
3690	1441	3
2174	441	4
2174	74	4
2174	365	3
128	5233	22
433	764	12
2284	1382	9
2284	5131	9
2284	3270	7
2284	2918	3
624	5188	11
624	933	3
624	1596	22
624	2860	3
398	4931	3
398	3774	4
398	4394	3
3366	3595	5
3366	3957	4
3366	4582	4
3366	5192	4
3366	2880	4
3366	1360	18
3366	4199	3
3366	2718	11
3366	2114	3
3366	4152	8
3366	5131	3
3366	364	15
3366	2303	8
3366	5224	5
3366	4241	10
3366	933	4
3366	3368	3
3366	2997	27
1653	2883	3
2467	3728	4
1477	4563	5
1187	2544	3
1187	2357	3
685	402	3
2517	3389	5
4097	1344	3
5085	441	3
5085	91	12
5085	3060	12
5085	1232	3
5085	2126	8
5085	4211	4
5085	3150	5
427	2083	3
427	2718	3
427	72	8
427	5251	9
427	3085	3
427	4998	5
427	2724	4
3954	2516	3
5022	2305	3
5022	4654	9
5022	764	3
4191	1386	7
4191	3703	3
4191	103	4
4649	4149	21
4649	1110	5
4649	4875	3
4649	4919	22
4649	2169	4
4649	3731	3
4649	1535	11
4649	1963	5
4649	4621	6
4649	3453	9
4649	4475	3
1861	5179	3
1861	1488	3
515	4713	4
515	3329	3
515	1386	3
515	1377	14
515	4877	4
515	2620	4
515	939	4
515	3774	5
515	2305	6
515	101	3
515	3135	18
515	230	6
515	4075	12
515	3055	4
515	388	4
1165	4841	4
3595	4203	3
3595	4697	6
3595	2620	17
3595	4837	3
3595	2305	18
3595	8	4
3595	469	3
3595	1013	14
3595	2377	6
3595	2794	3
3595	3019	5
3595	1877	4
3595	1387	4
3595	1567	3
3595	92	18
3595	1302	3
3595	1176	3
3595	585	3
3595	2411	4
3595	2297	4
3595	2759	5
3595	2767	3
231	286	7
231	1931	5
2070	1377	6
2070	3774	5
2070	587	4
1668	4697	6
1668	1228	5
1668	4602	3
1668	14	3
1668	1864	3
1668	1877	4
1668	1891	3
3957	3807	4
3957	2300	11
3957	3977	5
3957	4019	3
227	3116	4
3798	1457	3
3476	1980	17
3476	3730	3
3476	1568	10
3476	4122	7
3476	4783	9
1677	474	6
1677	3834	8
1677	3728	10
1677	221	7
1677	1281	3
1677	4296	4
1677	2702	8
1677	1682	11
1677	4308	8
1677	5204	5
3960	3164	11
3960	918	6
3960	2354	11
3960	2224	5
3960	1773	16
3960	4298	4
3960	523	3
3960	4280	4
3960	4132	4
3960	4668	3
3960	3978	3
3960	3807	18
3960	1228	5
3960	1943	5
3960	2718	22
3960	1802	3
3960	45	6
3960	2114	6
3960	552	10
3960	2739	3
3960	2833	3
3960	4208	19
3960	1890	4
3960	752	3
3960	648	5
3960	1078	4
3960	2305	4
3960	74	14
3960	153	11
3960	2883	6
3960	3509	15
3960	2634	11
3960	365	5
3960	4753	3
3960	364	47
3960	4532	3
3960	3672	7
3960	3026	8
3960	3891	6
3960	600	9
3960	1004	13
3960	2516	4
3960	527	10
3960	2590	4
3960	537	8
3960	4486	21
3960	3490	5
3960	1821	5
3960	2546	7
3960	508	4
3960	5224	15
3960	342	3
3960	35	6
3960	119	4
3960	3915	3
3960	5106	5
3960	4726	3
3960	1996	5
3960	2927	8
3960	106	12
3960	169	3
3960	3397	3
3960	858	4
3960	1991	3
3960	4975	8
3960	3507	5
3960	3158	4
3960	170	6
3960	570	5
3960	2230	4
2385	2491	3
2482	2556	11
1913	3179	11
1913	1086	6
4441	764	6
4441	1422	3
2153	904	4
2153	3453	7
474	904	4
474	3453	6
4490	1594	5
4325	101	4
4325	1838	3
1965	5176	6
2354	552	3
2354	2739	14
1458	689	3
1458	2790	3
1458	4937	3
1458	1866	4
1458	3772	4
1458	3261	3
1458	4697	6
1458	883	5
1458	1228	23
1458	3769	3
1458	3394	10
1458	1143	19
1458	4340	18
1458	2739	7
1458	3761	3
1458	1281	4
1458	902	17
1458	3509	4
1458	3721	5
1458	4091	3
1458	764	4
1458	540	5
1458	4472	10
1458	0	7
1458	2470	4
1458	58	4
1458	1004	5
1458	3565	3
1458	2096	7
1458	4105	16
1458	1613	15
1458	3583	4
1458	3903	3
1458	4360	3
1458	910	4
1458	4146	3
1458	2726	10
1458	1926	3
1458	2418	16
1458	5125	4
1458	613	4
1458	4087	4
1458	1184	6
1458	4195	3
1458	1404	3
1458	4712	3
1458	4778	5
1458	3125	7
1458	3710	6
1458	4641	11
1458	2934	4
1458	1162	3
1458	2399	5
1458	3868	13
1458	3703	5
1458	1314	16
1458	4122	13
1458	4446	4
1458	4180	15
1458	1333	5
1458	3288	8
1458	4211	7
1458	2433	10
1458	3776	19
1458	3671	3
1458	3282	3
1458	3113	11
1458	1987	12
1458	936	4
1458	1622	3
1458	3988	6
1458	3540	3
1458	4589	3
1458	1925	3
1458	1615	3
1458	3015	3
1458	4076	6
2302	2544	6
2302	195	3
2302	2047	5
2302	2840	3
2302	2008	4
2302	2357	3
2302	1254	3
2302	1426	3
1344	2847	37
1344	1848	8
1344	4875	13
1344	2169	3
1344	3426	4
1344	2342	8
1344	3088	3
1344	477	5
1344	4792	8
1344	3333	8
1344	4151	3
1344	2390	7
1344	2096	3
1344	1613	4
1344	3492	10
1344	4841	7
1344	4778	3
4341	2403	8
2847	4724	23
2847	8	6
2847	3333	3
2847	3492	6
4582	3985	4
4582	2621	4
4582	3556	8
4582	2518	7
4582	4464	8
4582	477	5
4582	2715	5
4582	933	55
2556	230	3
2556	2765	3
4695	545	3
4695	2309	5
4695	2542	4
3834	1848	15
3834	2465	3
3834	4919	6
3834	2169	9
3834	2518	4
3834	1827	11
3834	1518	16
3834	1025	7
3834	1613	12
3834	2109	7
3834	933	3
1848	4914	4
1848	1716	3
1848	2169	39
1848	3770	4
1848	3263	3
1848	477	6
1848	2305	10
1848	2574	8
1848	4867	4
1848	2096	8
1848	1025	20
1848	1613	101
1848	36	9
1848	910	4
1848	2109	5
1848	4146	12
1848	4778	4
3728	4296	4
3728	875	5
3728	1682	11
3728	4308	17
3728	4498	4
3728	1554	4
222	4149	3
1098	1383	4
5176	2620	3
5176	1613	4
5176	1176	13
5176	4211	4
2224	3774	3
2224	531	3
2224	2262	3
2224	2549	4
2224	4723	6
1062	1773	14
1062	1802	10
1062	506	10
5120	1773	7
5120	1802	10
5120	506	6
2177	943	5
1773	4724	3
1773	1802	3
1773	1975	4
1773	5001	3
1773	8	5
1773	174	3
1773	506	26
3985	2778	7
1501	2300	10
888	2992	3
3361	4397	3
3361	2876	7
3361	3392	3
3210	3201	5
2925	2574	15
2925	2096	13
2925	4543	7
2925	1613	6
2925	4146	7
4931	3329	3
4931	884	9
4931	3135	3
4931	1799	5
4931	2668	3
4931	4075	3
2340	2377	3
4844	2775	3
3775	1252	4
2373	5188	7
2373	4583	3
2373	4158	33
2373	3205	7
2373	4587	3
2373	4249	3
2373	2426	4
2373	3732	5
2373	46	4
2373	1601	3
2373	2526	3
1701	74	3
2471	1889	9
2471	4329	6
2465	3468	4
2465	2169	3
2465	37	6
2465	2109	3
1500	5204	7
3324	2080	11
3324	3316	3
3324	1377	4
3324	2620	3
3324	3807	3
3324	884	4
3324	1888	3
3324	4583	3
3324	4569	6
3324	764	4
3324	230	4
3324	1150	3
3324	2504	3
3324	1580	3
3324	1609	8
3324	587	3
3324	3243	8
3324	2788	5
3324	1488	3
3324	1013	5
3324	1781	3
3324	1613	4
3324	4618	5
3324	17	5
3324	5140	6
3324	1185	6
3324	1574	24
3324	1519	10
3324	3206	15
3324	751	3
3324	4987	3
3324	119	7
3324	2892	9
3324	1232	3
3324	1931	3
3324	3171	3
3324	3483	3
3324	1720	3
3324	2211	4
3655	74	10
878	601	8
3468	37	3
4149	1716	3
4149	4875	4
4149	2003	3
4149	4865	4
4149	1535	15
4149	3341	7
4149	1009	10
4149	1963	4
4149	3453	9
2773	2253	3
5016	3761	3
5016	656	4
3254	710	5
1469	1300	4
3864	2700	4
257	2546	3
995	5208	3
995	752	7
995	3774	3
995	74	39
995	4394	3
995	2516	6
995	4618	4
995	1739	3
995	1799	5
995	407	4
4022	74	13
4022	1799	4
5105	74	6
458	3574	6
458	80	10
458	3894	3
458	3263	6
458	1281	3
458	4732	19
458	2504	6
458	3640	3
458	5147	3
458	2649	3
458	3817	3
458	3383	4
458	1931	4
165	4792	3
165	3667	6
165	3116	11
165	434	3
165	2390	11
165	3492	10
165	4841	3
4914	365	19
3327	4569	6
2407	4397	3
2407	1802	8
2407	2883	8
2407	855	5
5094	1377	5
5094	100	3
5094	1962	5
5094	7	3
5094	2649	22
5094	2892	4
5094	2015	9
5094	3235	3
345	5011	3
2176	679	3
622	3099	3
3961	4590	3
3961	5131	22
3961	3270	3
3961	1446	3
3574	1180	9
3574	2714	3
3574	2276	13
3574	3042	4
3574	1281	3
3574	477	3
3574	4865	9
3574	1880	7
3574	1199	6
3574	1238	4
3574	1168	3
3574	4805	4
2826	3666	3
2826	552	16
2826	1002	4
2826	4954	5
2826	2423	4
2826	2934	9
2972	2718	3
2972	72	5
4672	2794	3
4672	2994	3
4666	1110	9
4666	4919	5
4666	4732	4
4666	2109	29
4666	933	6
1110	4919	11
1110	2109	22
4887	2377	5
4887	4240	3
438	4397	6
438	1802	3
438	2883	7
438	472	3
438	855	9
438	5062	6
1180	4865	5
5192	883	4
5192	860	6
5192	3270	3
5192	2634	3
5192	3204	3
5192	5106	10
5192	585	6
5192	885	5
4937	2574	3
1844	4452	4
1085	230	5
4893	2620	3
4893	101	8
4893	230	3
4893	1758	8
4893	2163	4
4776	4919	6
4776	2169	8
4776	4367	7
4776	1613	8
4776	2109	3
4776	3405	4
797	434	3
3186	5118	4
3186	3139	3
2323	2518	5
2323	933	5
3329	1377	6
3329	2620	3
3329	884	4
3329	3774	5
3329	1888	3
3329	1185	3
678	1928	17
532	2876	9
1072	1377	6
1072	587	3
1106	288	11
1106	98	10
1106	764	3
1106	1065	3
1106	1613	4
1106	43	4
1106	4389	5
1702	682	4
3924	3966	5
4875	4919	4
5114	4670	3
5114	4142	3
5114	1834	3
4244	4330	3
1090	724	3
47	1692	12
3142	1009	19
2880	1393	4
2880	752	3
3099	4668	16
3099	4697	5
3099	764	15
3099	2885	3
3099	3057	3
3099	1446	4
3099	966	3
3099	4115	3
1386	2305	13
1386	587	5
1386	1574	7
4919	2169	9
4919	2518	3
4919	2005	3
4919	634	3
4919	3333	9
4919	3116	11
4919	1147	4
4919	4151	7
4919	3341	4
4919	2390	6
4919	2658	3
4919	1613	10
4919	1963	6
4919	4013	7
4919	2109	21
4919	933	3
4131	3769	12
3179	1108	8
3179	1086	10
2169	2853	5
2169	4949	4
2169	2276	7
2169	4792	3
2169	4956	6
2169	1025	24
2169	1613	30
2169	910	4
2169	2109	3
2169	4146	5
2169	83	3
3875	724	3
2154	1387	4
2154	135	3
1377	884	20
1377	3774	6
1377	2305	5
1377	3135	9
1377	4492	4
1377	2966	4
1377	587	41
1377	3243	3
1377	2516	33
1377	988	4
1377	1135	3
1377	4075	9
1377	3085	5
1377	4850	4
2804	1981	7
2804	634	3
2296	2531	5
2296	933	3
1981	1651	6
1981	4152	4
1981	525	6
1981	5106	5
5065	4654	4
1760	2668	4
2621	2406	6
2621	2109	3
2621	1095	3
2621	933	18
4590	3205	4
3737	4841	6
3770	2276	19
3770	477	9
3770	4865	9
3770	1962	3
3770	1025	5
3770	891	17
3770	880	3
3770	4775	3
3770	4805	42
3770	377	4
1889	3871	3
1889	2026	3
1889	894	6
1889	724	13
4468	2181	3
3666	2634	6
2316	933	3
2181	724	3
441	3769	4
441	1985	3
2006	3769	12
2006	847	3
2403	224	5
338	884	4
2264	18	3
2264	4884	3
1907	74	5
1907	365	3
3249	477	4
3249	1025	16
3249	4543	4
1267	2318	5
1267	3789	3
1600	3807	3
5207	3755	3
5207	4486	15
4963	887	15
4963	4892	3
4397	1802	15
4397	2883	4
4397	472	12
182	2462	8
812	1584	3
812	4286	6
2850	472	10
2714	4865	11
2714	2078	7
3871	724	3
4070	3579	3
4070	416	3
5175	3579	8
5175	2744	15
2486	3667	3
3580	1802	18
3580	2883	5
4170	3556	3
4170	2718	16
4170	552	10
4170	2739	12
4170	764	3
4170	877	4
4170	3026	3
4170	323	9
4170	237	4
4170	17	3
4170	423	3
4170	2724	3
4170	4036	5
3556	2518	22
3556	3620	11
3556	2546	3
3556	933	3
2518	3978	3
2518	3894	4
2518	1943	5
2518	45	17
2518	552	6
2518	2739	42
2518	4208	7
2518	1975	3
2518	4136	3
2518	1078	3
2518	2300	3
2518	2305	7
2518	4613	3
2518	3721	6
2518	764	32
2518	877	3
2518	3026	5
2518	587	5
2518	323	4
2518	638	4
2518	116	16
2518	237	5
2518	36	4
2518	17	3
2518	1850	4
2518	2860	3
1826	2627	6
2227	2069	11
4635	3300	3
4668	3894	8
4668	2718	33
4668	2739	4
4668	752	4
4668	74	7
4668	3509	17
4668	365	3
4668	764	19
4668	3057	3
4668	2574	4
4668	4335	4
4668	3921	3
4668	2096	3
4668	4543	3
4668	3289	18
4668	2617	3
4668	1781	3
4668	453	3
4668	3332	5
4668	2423	3
4668	35	3
4668	4329	8
4668	5098	3
4668	2618	11
4668	2934	9
4668	2414	17
4668	3525	3
4668	2583	4
4668	1987	7
4668	3988	3
4668	2209	3
4668	3596	3
4668	330	3
4697	2718	7
4697	2739	5
4697	3721	8
4697	2618	5
4697	2414	14
2865	2739	3
943	1535	3
2342	2390	6
2447	2096	3
5055	4689	13
5055	1207	4
2406	2718	22
2406	981	4
2406	4036	5
3620	2739	5
3620	3026	4
38	891	3
750	2623	5
750	472	3
3665	45	3
4877	1185	3
4877	1209	3
4160	4335	6
4160	3817	14
4160	5244	6
4160	3736	16
3835	551	4
588	3921	4
2620	4724	7
2620	4563	7
2620	1962	3
2620	78	3
1275	2069	3
1336	933	3
1336	2789	3
4724	552	3
4724	2739	3
4724	764	3
4724	3977	10
4724	2096	16
4724	1821	4
4724	36	3
80	1199	4
80	1238	10
1928	3038	6
1928	3212	18
5188	1613	9
2544	204	5
2544	971	3
3978	2096	4
3978	4723	6
3198	3333	3
3348	4531	3
669	3807	3
669	884	3
669	74	4
3807	4486	7
3807	4329	4
276	4151	4
3465	305	3
3079	3769	14
3079	884	5
3079	4569	17
3079	3243	7
3079	1584	7
3079	1041	4
3079	3489	4
3079	2240	3
3079	5197	5
3079	3575	3
3079	4653	9
3079	1239	3
3079	934	8
3079	1807	3
3079	3522	9
4086	587	5
4086	933	15
4086	580	3
4086	4653	8
4086	2015	6
4086	3522	8
1360	4199	5
1360	2305	5
1360	4151	8
1360	875	5
1360	2396	3
1360	2096	9
1360	1877	4
1360	92	3
4949	2300	5
4949	3509	6
4949	2901	3
4949	3977	4
4949	1942	3
4949	2382	8
4949	1238	3
4949	4158	4
4949	4463	3
4949	1801	5
4949	1232	3
4949	4670	13
4949	2175	3
4949	4769	6
4949	5039	8
4949	4725	3
4949	1834	8
4949	2009	3
4949	3599	4
4949	1201	4
4949	1333	4
4949	158	4
4949	4211	6
4949	2433	3
4949	3654	6
4949	2555	3
4949	4378	21
4949	5081	17
4949	4783	3
4949	3054	5
4949	4589	4
4949	4283	7
4949	2325	4
4949	569	3
4949	1001	3
4949	1615	3
4949	2895	3
4949	1482	6
3812	160	6
1228	5001	3
3769	860	7
3769	45	3
3769	2833	4
3769	5243	15
3769	2917	6
3769	153	7
3769	836	4
3769	1252	3
3769	1534	3
3769	191	3
3769	2476	4
3769	364	7
3769	180	4
3769	1580	15
3769	91	10
3769	3493	24
3769	4105	32
3769	3358	5
3769	3863	4
3769	17	4
3769	2794	6
3769	3156	9
3769	1049	6
3769	3060	5
3769	4813	5
3769	4688	4
3769	3001	7
3769	4115	3
3769	1003	5
3769	2721	12
3769	3817	22
3769	554	4
3769	3200	5
3769	3422	8
3769	2313	8
3769	4691	3
3769	106	12
3769	2732	4
3769	3424	3
3769	3524	3
3769	26	7
3769	2725	16
3769	2009	4
3769	3824	3
3769	1991	4
3769	3920	4
3769	2835	6
3769	4264	5
3769	443	13
3769	2694	3
3769	1189	4
3769	1333	8
3769	2633	16
3769	2433	14
3769	1897	5
3769	3081	14
3769	1317	6
3769	70	8
3769	4943	3
3769	3105	4
3769	1626	10
3769	847	3
3769	381	6
3769	2806	5
3769	654	6
3769	839	4
3769	2991	3
4199	3894	6
4199	860	6
4199	2718	3
4199	4654	7
4199	1888	4
4199	74	9
4199	3270	3
4199	3204	3
4199	992	3
4199	3063	6
4199	2013	3
4199	587	4
4199	0	4
4199	2248	7
4199	4237	8
4199	1510	4
4199	1013	6
4199	160	3
4199	293	4
4199	4841	7
4199	4502	3
4199	2668	7
4199	3019	4
4199	1905	6
4199	14	3
4199	6	4
4199	1130	3
4199	1459	4
4199	1877	4
4199	1709	3
4199	3817	12
4199	3651	6
4199	1891	3
4199	1724	4
4199	1567	4
4199	4811	4
4199	92	5
4199	4736	4
4199	3125	3
4199	1302	4
4199	23	30
4199	680	3
4199	1218	4
4199	1097	5
4199	4821	4
4199	4638	8
4199	773	4
4199	585	10
4199	3970	3
4199	2411	3
4199	4318	4
4199	1843	5
4199	2765	3
4199	4162	7
4199	2399	3
4199	3282	6
4199	2583	4
4199	2691	3
4199	3676	3
4199	162	5
4199	813	4
4199	726	6
4199	2184	3
4199	2309	5
4199	3940	3
4199	3066	3
4199	2767	4
4199	4925	3
4199	4431	6
4199	4328	5
3894	3289	4
3894	4486	8
3894	4329	3
3894	1636	14
1560	587	24
288	1613	4
288	43	6
2149	3074	3
884	3774	19
884	3672	3
884	7	9
884	1584	9
884	4286	6
884	988	5
884	1185	8
884	1574	7
884	4183	5
884	2992	3
1802	927	4
1802	174	3
1802	506	19
2276	2005	4
2276	477	9
2276	4865	11
2276	634	3
2276	3333	7
2276	880	4
2276	4805	7
2276	3594	4
3394	1089	3
3394	1580	9
3394	2854	3
3394	2096	5
304	2574	4
304	2096	8
3042	4865	10
4358	5218	3
4358	855	3
4358	3513	4
45	2165	17
45	2300	4
45	875	12
45	3903	4
45	2636	3
343	4615	4
343	2801	4
5218	3774	3
5078	2636	3
2114	2300	4
2114	3977	6
2114	4335	26
2114	423	3
2114	2126	4
2114	3282	6
4412	764	8
627	3066	5
422	1459	5
2878	101	3
552	2739	7
552	933	4
2005	1147	3
2005	5049	3
2005	83	3
1143	3451	3
2212	3585	5
2212	3332	5
4464	1095	3
4464	933	25
2739	3977	3
2739	506	3
2833	2430	3
5208	153	3
4379	2489	5
4379	104	3
2876	1392	8
2876	4152	17
2876	2305	3
2876	2917	26
2876	3509	46
2876	4259	5
2876	3721	15
2876	364	26
2876	2040	11
2876	2745	29
2876	5079	7
2876	3074	4
2876	1120	4
2876	3968	3
2876	1831	3
2876	2502	6
2165	323	7
2165	3744	10
2165	3002	4
2165	2864	4
3491	4237	16
3491	14	3
3491	1877	4
3491	1387	7
3491	1891	3
3491	23	15
3491	2725	6
3491	1162	4
3761	764	29
3761	3132	5
3761	278	3
3761	2122	6
2852	446	3
2852	1135	6
2852	3141	4
1890	4654	6
3263	4087	3
3263	4573	3
3263	1925	4
1521	933	3
3131	2531	27
3715	2531	4
683	2113	3
683	1176	4
1392	2917	6
752	74	5
752	153	5
752	4492	5
4541	764	3
4541	4496	3
4541	2649	11
4541	2143	6
4152	634	6
4152	3977	48
4152	4867	4
4152	2788	18
4152	4714	3
4152	3571	4
4152	1151	9
2848	2126	3
2848	4565	3
454	2574	7
492	3493	3
492	3612	3
492	4781	5
1835	4241	3
477	4865	3
477	3333	3
477	3116	15
477	2390	5
477	1025	6
477	1168	8
477	880	12
477	2109	4
477	2119	13
477	4805	14
477	2442	8
2030	5233	3
1144	1232	3
3458	503	5
4123	4241	3
2838	3116	5
648	2531	7
648	933	11
2920	1888	3
5243	2128	3
3755	52	3
3755	1005	6
3774	2305	11
3774	4323	8
3774	101	3
3774	3135	6
3774	1962	4
3774	3672	3
3774	2318	3
3774	587	4
3774	1008	4
3774	1799	12
3774	4075	4
3935	3204	4
3935	4618	6
3935	1574	10
3935	2143	6
1078	3026	3
1078	875	3
4262	4768	5
2300	323	15
2300	3597	3
403	5179	4
4865	1109	4
4865	1880	49
4865	79	3
4865	4805	18
5131	74	12
5131	153	8
5131	22	4
5131	4237	3
5131	4105	6
5131	2649	4
5131	1574	4
5131	4276	3
5131	3401	8
5131	4478	5
5131	1302	3
5131	4983	3
5131	2309	16
5131	4	3
2305	101	3
2305	230	4
2305	1799	5
4792	3492	3
802	875	4
4654	4766	3
4654	587	25
4654	3243	11
4654	2470	14
4654	2715	9
4654	4075	3
4654	3457	12
4654	580	3
4654	2015	6
4654	1881	3
4654	388	7
2888	143	3
1888	1488	3
1888	2765	3
2087	1310	11
5051	1741	8
5051	1923	3
5051	3964	15
5051	1841	11
101	653	4
101	2700	3
101	1838	3
101	1086	9
101	2794	4
101	4689	3
2917	3509	8
2917	2040	4
2917	5079	3
74	153	20
74	1580	3
74	4671	3
74	469	3
74	4778	4
4271	3074	5
153	2531	20
153	3020	5
153	575	7
195	1806	3
195	5118	6
195	4326	4
195	4528	5
195	4122	11
550	2883	4
3270	764	4
2531	3721	16
2531	3135	4
2531	4532	3
2531	3672	5
2531	3026	3
2531	3243	3
2531	600	9
2531	3921	12
2531	4237	3
2531	2516	3
2531	1510	5
2531	2617	4
2531	4105	22
2531	2590	4
2531	1821	3
2531	4124	8
2531	5224	4
2531	3463	5
2531	3923	4
2531	3156	3
2531	4723	3
2531	3915	3
2531	1003	7
2531	5106	5
2531	5069	3
2531	209	3
2531	3397	4
2531	2399	3
2531	5163	4
2531	3507	5
2531	3687	15
2531	3676	6
2531	3158	4
2531	3259	9
1776	3633	7
11	5140	8
3148	1880	9
2883	506	3
3509	160	37
3339	4732	3
557	3057	3
557	1446	4
557	453	4
557	1497	6
411	764	3
411	1497	4
411	4311	10
5179	1574	3
2623	472	4
1661	1673	6
1240	3672	5
836	933	3
836	1636	5
758	1441	4
758	4391	4
531	1696	8
531	1002	3
4569	3341	4
4569	2240	3
4569	3197	6
4569	4587	6
4569	2426	9
4569	4036	3
1252	1580	7
1252	1176	4
282	4841	3
4956	1025	6
653	230	7
653	2984	3
2075	3217	4
2075	3628	3
5230	5059	12
5230	2794	7
4825	525	5
365	5079	9
3495	2574	12
3495	4543	14
191	4194	4
2700	4563	3
2700	41	16
4091	160	4
4091	2456	5
8	764	3
8	2574	4
8	855	3
8	2096	12
8	3923	3
8	506	6
8	5233	11
8	4538	3
8	5244	3
8	2126	4
8	4211	4
8	5246	3
2476	17	8
2476	817	3
5245	1880	6
2237	3256	5
764	3132	8
764	3057	9
764	1781	4
764	3332	9
764	2032	4
230	1227	4
230	2470	3
230	3197	6
230	4587	5
230	2126	3
230	2426	5
505	4656	3
1044	5197	8
4732	2504	15
4732	1199	11
4732	2128	21
3204	3211	4
3204	3950	7
3020	3977	8
3020	2096	3
3020	3282	4
4563	41	3
364	1893	3
364	4335	12
364	1474	3
364	1092	6
364	4326	8
364	3697	3
4133	472	4
4133	1447	5
1962	4965	4
1962	2600	27
1962	1741	4
1962	2445	5
1962	483	4
1962	2013	3
1962	1609	5
1962	587	17
1962	3243	6
1962	472	4
1962	2470	3
1962	2248	8
1962	5071	11
1962	2096	3
1962	1510	3
1962	1013	6
1962	1781	6
1962	1613	3
1962	2459	3
1962	3209	4
1962	5140	6
1962	2649	5
1962	229	3
1962	4463	23
1962	751	4
1962	2240	6
1962	3085	6
1962	921	5
1962	1594	13
1962	4432	6
1962	1611	3
1962	1864	5
1962	3432	4
1962	484	3
1962	4587	5
1962	4353	3
1962	3575	3
1962	4653	9
1962	5106	3
1962	3120	3
1962	670	12
1962	4266	3
1962	2327	3
1962	67	7
1962	727	5
1962	2426	9
1962	1567	12
1962	3125	4
1962	3794	5
1962	4638	5
1962	2143	6
1962	3055	9
1962	3349	4
1962	2015	10
1962	2055	3
1962	3235	4
1962	1897	5
1962	3522	8
1962	3940	3
1962	4168	3
1962	1484	3
1962	913	3
2690	2013	11
2690	5049	3
2690	5224	5
634	2617	4
850	3006	3
850	3720	3
3369	1574	3
3369	4168	4
52	5011	4
52	3777	3
2322	2390	10
2322	3492	8
1575	4047	3
1880	3565	3
1475	2504	21
940	2126	4
2885	3977	6
2885	41	7
2885	760	4
2885	3868	12
2885	833	3
765	116	3
765	234	3
765	3128	8
2574	2096	37
2574	1025	3
2574	4543	11
2574	1613	31
2574	4146	8
3333	1327	6
3333	3492	3
3138	525	3
2504	1199	5
2504	3640	4
2504	3817	3
3640	3817	3
3579	2377	3
3579	895	6
2303	4532	4
2303	2013	4
2303	1464	10
2303	464	3
2303	4105	20
2303	2590	12
2303	4158	5
2303	1617	3
2303	423	4
2303	4224	7
2303	3076	5
2303	5251	3
2303	5125	4
2303	2156	8
2303	4101	4
2303	3817	11
2303	85	5
2303	3651	5
2303	1070	4
2303	3559	4
2303	273	6
2303	1239	6
2303	4326	4
2303	916	3
2303	1744	3
2303	4574	3
2303	3795	3
2303	3397	10
2303	26	7
2303	2934	3
2303	3999	26
2303	2411	4
2303	4598	3
2303	4711	14
2303	3293	11
2303	2067	11
2303	287	5
2303	4122	8
2303	712	4
2303	3282	6
2303	2583	4
2303	1685	13
2303	1151	13
2303	3853	3
2303	303	7
2303	906	3
2303	2908	9
2303	4675	11
2303	2049	3
2303	2409	4
2303	4555	3
2303	1745	3
2303	929	3
617	1167	4
86	160	8
1827	1613	9
1827	1153	4
3126	1574	3
3116	1168	3
3967	2997	15
102	988	8
2040	2745	6
2040	5079	3
3672	2013	3
3672	587	22
3672	3243	5
3672	790	3
3672	4286	22
3672	1613	5
3672	446	5
3672	1135	8
3672	1086	7
3672	2240	3
3672	613	4
3672	1644	5
3672	614	6
2849	5123	14
2849	5216	4
2600	2096	3
2600	933	3
2600	3526	4
2600	1996	3
3029	416	3
4885	1751	5
5011	1580	18
5011	4769	3
5011	861	3
1196	4309	3
1196	5233	7
3753	2505	3
3753	5212	6
2747	5233	4
5180	4670	3
3026	875	8
3026	323	4
3026	3597	3
3026	3401	5
1687	2618	3
3427	3332	5
655	1604	5
2262	2546	8
41	1065	3
4151	887	7
4151	1673	6
3350	416	19
1535	1009	3
1535	1963	3
1535	3453	3
1580	4486	4
1580	4629	5
1580	4284	3
2128	880	8
2128	2442	7
2128	2996	4
2612	4309	3
2318	63	3
1643	5233	7
2893	2277	3
4472	1641	3
779	887	3
2113	0	3
2113	2468	4
2113	1891	3
2113	3559	3
2113	4574	4
2113	4638	4
2113	3293	8
1609	1793	7
1108	1838	7
1108	1086	9
1227	1209	3
587	2516	13
587	2668	3
3243	1284	6
1200	160	17
3341	1009	11
1065	1613	5
598	1955	3
875	323	3
875	889	4
323	3903	3
323	2636	5
323	889	4
1942	5086	6
2069	1838	3
2247	1584	4
479	1636	5
7	3489	4
7	423	4
7	2649	11
7	3206	6
7	3360	4
7	3448	3
7	1679	9
7	613	9
7	564	3
7	1400	4
7	3559	3
7	727	4
7	4908	7
7	2962	3
1139	1009	3
2470	1488	4
2470	5140	4
600	3100	3
600	423	4
600	131	4
600	2126	7
600	2159	3
600	4204	8
600	3282	5
3921	4698	4
1009	4536	6
4962	1167	3
1491	2546	3
960	4330	4
960	2546	3
3760	2546	5
367	3060	3
367	4670	6
367	4659	3
367	4211	5
562	880	4
562	2442	3
58	2751	3
5059	2794	6
4895	4241	3
4237	3314	4
3959	2745	3
724	4538	3
2362	4330	3
2362	2546	4
2390	1025	4
2390	1613	4
2390	3492	15
2390	4841	29
3203	4276	3
1518	1613	10
1518	2109	6
1518	174	6
1518	933	6
116	2096	3
116	1030	3
2658	2109	5
2096	1025	3
2096	4543	16
2096	1613	50
2096	4146	16
4744	3289	5
4744	2423	4
4744	4570	3
4744	558	3
393	2765	4
2813	2126	4
1025	4543	17
1025	1613	46
1025	36	12
1025	910	5
1025	2109	4
1025	4146	8
1025	4778	5
2745	4104	3
1510	4231	4
1510	144	6
1510	2158	12
1488	1781	5
1488	1459	3
1488	4065	3
4543	4146	3
1013	4618	3
1013	453	3
1013	4653	3
1013	2665	3
1013	2774	5
1013	585	3
1013	192	4
1013	3522	3
1013	3956	4
1013	507	3
563	4211	3
563	2433	5
2027	4105	5
2027	2382	5
2027	1801	4
2027	1931	8
2027	4670	13
2027	2009	20
2027	3599	6
2027	4211	6
2027	4378	5
2027	5081	12
2027	3540	8
2027	1352	3
2027	569	4
2027	2945	7
3187	2546	4
2417	1041	4
1584	1041	4
1584	3448	3
1584	4850	3
1584	3575	3
1584	4653	9
1584	934	4
1584	3522	9
4286	933	5
4286	3448	4
1613	3847	3
988	4531	4
988	4075	5
988	388	8
537	933	3
537	1596	22
537	2705	3
537	907	6
537	4204	5
537	4967	4
537	1828	5
537	4112	3
537	4675	3
537	2860	3
5147	4194	9
5147	734	4
3720	17	13
3114	1750	3
891	2119	15
891	4805	3
3053	2649	4
3053	3610	6
3053	5197	8
3053	4675	3
2191	1234	4
2191	3205	4
2191	2840	5
2191	3964	12
2191	3817	5
2191	2126	23
2191	4478	13
2191	2411	3
2191	107	4
2191	2583	5
2191	2462	8
2191	488	3
4486	3019	4
4486	4329	16
4486	3001	4
4486	5212	3
4486	1921	3
4486	2721	16
4486	4310	3
4486	2293	3
4486	2793	3
4486	4570	3
4486	2835	7
4486	4759	9
4486	4180	4
4486	4264	4
4486	4211	7
4486	1036	3
4486	1317	6
4486	512	3
4486	3158	10
4486	485	4
4486	4783	3
4486	381	8
4486	5041	3
4486	4573	9
4486	2157	3
4486	3596	3
4486	4034	3
4486	3608	5
4486	1916	3
2382	1070	4
2382	4038	3
2382	2189	4
5068	1793	3
3583	2546	16
435	1531	3
2546	3311	3
508	933	3
160	293	13
3082	2825	3
286	1931	3
1625	1164	4
1606	2668	4
1238	2636	5
480	585	4
3321	2456	4
134	3942	4
3281	933	3
4245	1183	3
1168	2119	3
1168	4805	3
3467	763	3
17	1339	3
3492	4841	6
880	4117	3
880	3847	3
910	4778	6
2109	933	4
2456	506	3
5140	1574	10
1007	1548	4
316	3612	5
316	889	3
5224	423	3
5224	4326	4
5224	712	4
3314	1140	4
3205	1485	3
1116	4726	10
1116	4211	7
1116	2776	3
1116	290	10
3584	4491	3
3584	1673	3
478	2321	4
1138	1166	3
1095	4326	5
2649	1574	3
2649	4463	3
1738	1840	3
1185	751	6
1574	751	5
1574	2015	6
1008	2668	4
2166	3744	3
2047	3964	8
4556	43	3
4805	4637	5
2668	305	10
2668	5141	3
2668	1777	3
1348	727	3
933	5251	3
933	1850	5
933	3915	4
933	1350	16
933	4019	7
933	5106	3
933	3732	4
933	2454	3
933	4211	4
933	170	3
5251	4998	3
3457	2468	3
3457	727	4
3457	1101	3
3457	4326	3
3457	1319	5
3457	4598	4
3457	1968	3
3457	2765	4
3457	46	3
3457	1793	3
2423	3371	3
4791	2569	3
2569	3779	3
3206	3085	3
3206	3211	3
3206	3524	4
3206	177	7
3206	4568	3
3206	2009	3
3206	4598	3
3206	4211	6
3206	1317	6
3206	3105	4
3206	4737	3
3206	2230	4
3206	1779	10
3206	3956	3
1049	5244	3
2321	2914	3
3127	554	3
1801	3730	3
1801	4969	4
1801	4678	3
3085	234	4
305	1777	3
3779	3166	3
1594	3211	6
1594	3950	4
2955	4778	3
2955	843	3
5214	3925	3
2748	2721	4
119	1903	3
3839	1925	3
2974	1968	3
564	5070	5
4488	696	13
4488	1334	5
179	3613	3
4896	804	3
1856	610	6
2598	4811	5
1459	1552	4
2045	1793	11
2721	4726	37
2122	1067	3
4714	1129	4
1629	5118	4
1629	3139	3
1413	1585	4
3028	1948	3
4777	5216	3
4087	4819	4
4087	729	3
5244	5039	8
2521	5069	6
3730	2722	3
3730	2616	4
1055	4057	3
708	3425	4
5187	1583	3
1400	1443	4
1400	727	7
2021	2938	3
2021	4491	3
2021	2639	4
2021	1627	4
5061	3522	10
1737	3370	3
4880	2992	6
3645	314	3
2904	432	4
1931	4670	5
1931	705	3
1931	1834	68
1931	2009	9
1931	4211	7
1931	3654	3
1931	3054	3
4670	3900	3
2647	766	5
2473	4085	5
1326	1636	3
3145	3018	4
2488	1570	3
4769	1333	4
5039	3654	3
5039	1810	4
2716	4908	6
727	3264	5
2378	3244	3
4258	4860	3
4258	417	3
4778	2947	3
4339	447	4
4339	1391	5
3975	3868	12
3975	4122	13
3975	2433	9
3975	3776	19
3975	1987	11
3975	1622	3
3975	3988	3
3975	738	3
465	1100	3
465	1753	3
4090	1103	4
4998	2724	3
1129	2789	4
432	696	4
2301	3950	4
4807	1680	8
861	1461	3
1636	1189	9
1636	3054	5
1636	1493	3
1636	2002	3
4478	76	12
1358	4594	5
1358	4085	5
4594	26	3
1100	5134	3
2269	1176	4
5002	4598	7
2512	1176	6
916	93	3
1394	4565	3
4659	4211	4
4659	4076	3
3065	2449	3
5239	1296	3
3626	4568	14
3626	1503	4
3326	2765	5
1834	4589	5
3998	4194	4
3999	2381	3
3999	654	4
934	3420	4
4388	107	3
2009	2986	7
2009	569	7
2009	5018	7
2697	813	13
3258	1971	4
3258	4099	4
1255	2399	3
2765	1793	11
858	1793	20
490	1793	6
1490	4436	4
1552	1793	12
1310	1807	5
1310	1793	7
1807	1793	4
1971	4099	5
2563	3759	4
107	76	12
310	2462	8
348	4883	4
443	4346	5
158	5081	3
1733	4165	3
426	2294	5
426	3781	3
426	645	3
4883	4758	3
3119	3455	3
4194	4565	7
4194	1118	3
4194	3336	6
4194	2907	6
4194	5048	4
5172	4991	3
2359	2896	3
2223	4165	3
3900	264	6
503	5126	6
4991	569	4
2986	569	6
2986	2945	3
2986	5018	5
1483	4200	4
2193	1156	5
2193	4913	7
2193	3638	3
534	2743	5
2432	2103	4
3259	2526	4
5006	4674	3
3697	1669	5
104	3997	3
4431	3872	3
155	3400	5
597	1236	4
597	4630	5
319	5088	4
4327	1253	3
5236	2058	3
807	2656	3
4348	4660	4
4959	4314	5
3366	4314	28
1458	4314	4
1344	4314	84
458	4314	3
532	4314	3
2169	4314	3
182	4314	3
4668	4314	11
3807	4314	4
4086	4314	3
1360	4314	3
2876	4314	12
4541	4314	3
1835	4314	7
902	4314	8
74	4314	3
1962	4314	3
3967	4314	4
2600	4314	5
1025	4314	4
2745	4314	8
1013	4314	88
1799	4314	4
5193	4314	4
4649	4279	7
1009	4279	3
4814	3572	4
4370	920	3
1962	920	3
1488	920	4
1566	3664	5
5108	3174	3
5108	4089	6
375	1175	5
5147	2565	4
4239	931	12
3194	931	4
3029	931	3
2755	931	3
4553	931	5
4814	1710	4
5085	1710	5
3769	1710	4
3769	1885	28
4199	1885	18
3640	1885	4
3966	3867	4
11	3867	5
2289	3867	3
3243	1749	3
458	3758	3
520	3758	3
4306	3793	4
2574	3520	13
116	3520	4
2096	3520	6
4543	3520	21
4250	2921	3
982	2921	5
4959	2921	3
1082	2921	5
3164	2921	3
1773	2921	4
3050	2921	3
2518	2921	7
4724	2921	3
3769	2921	3
8	2921	3
764	2921	5
1962	2921	5
2262	2921	4
3053	2921	8
36	2921	4
4556	2921	6
4349	2921	3
3206	2921	11
4581	2921	5
2262	3663	5
600	3663	5
4330	3663	4
2546	3663	8
2549	3663	3
2721	3663	7
3079	744	6
4569	744	12
3672	744	6
7	744	4
1584	744	3
5061	744	4
4719	1289	3
4160	5077	16
5131	5077	6
2553	5077	3
4635	126	8
775	1707	3
1377	3183	3
587	3183	11
1677	4873	4
2175	4873	4
3181	4873	4
1516	4873	4
4160	4596	4
2876	3881	9
3074	3881	6
2198	3881	6
4144	3705	11
4778	3382	4
3324	2807	3
3798	3589	3
622	824	4
3921	824	4
2487	4593	3
230	4593	3
4668	136	13
2303	136	5
1475	3494	11
875	3494	5
1238	3494	3
2636	3494	5
3043	3494	4
4370	3992	14
1377	3992	4
174	3992	3
1400	3992	3
4934	3992	3
2847	1728	3
707	737	3
2217	2487	14
4151	2487	4
888	4426	5
4880	4426	3
5105	4433	3
3099	4433	7
3556	4433	3
153	4433	3
809	4433	3
2620	972	4
2453	972	4
8	972	3
4542	3052	4
230	3052	6
4370	4250	9
3783	4250	4
515	4250	3
3595	4250	21
3960	4250	18
5192	4250	6
2518	4250	17
2447	4250	8
2620	4250	6
4086	4250	3
2876	4250	4
4541	4250	9
2920	4250	5
101	4250	21
2531	4250	18
8	4250	9
230	4250	22
1962	4250	16
600	4250	15
1838	4250	3
2794	4250	4
1166	4250	13
5061	4250	13
2716	4250	9
4745	4250	13
2289	4250	13
1247	4250	10
3769	4144	13
4199	4144	3
3975	4144	3
4276	390	3
1456	1863	8
598	1863	4
1307	1863	4
4370	4135	5
3324	4135	5
2852	4135	5
5131	4135	9
230	385	6
3500	2394	4
903	2394	8
2546	631	4
4486	2630	17
4563	1822	4
3550	1822	3
625	1822	6
3302	1822	4
3960	3818	8
2262	3818	3
4330	3818	4
2546	3818	16
1030	3818	4
1377	4056	3
4170	4056	15
4668	4056	4
3620	4056	4
3769	4056	3
7	4056	3
237	4056	3
3206	4056	5
2231	4056	4
2621	2225	3
1854	2763	3
3324	2763	8
3730	2763	17
3637	2763	3
2171	2763	3
458	4808	6
1106	4971	8
288	4971	9
764	4971	7
2574	4971	4
4543	4971	3
1613	4971	14
506	4971	3
4744	647	4
4486	647	5
3371	647	4
1005	647	3
933	808	3
4649	4448	4
2153	4448	3
474	4448	3
4149	4448	5
3453	4448	7
1418	4742	3
4937	982	4
8	982	3
2574	982	5
724	982	5
1025	982	3
4649	1929	4
4510	2217	6
3014	3501	4
4370	497	11
4397	1764	6
2623	1764	3
4277	1764	3
472	1764	13
1447	1764	5
515	3958	3
1826	3958	3
3079	3958	4
230	3958	4
446	3958	5
2627	3958	4
4149	394	7
1139	394	3
989	394	4
4149	2754	3
3243	1539	3
3783	4370	5
4025	4370	3
2100	4370	17
515	4370	8
3595	4370	3
2070	4370	5
3960	4370	3
3324	4370	12
1377	4370	15
4199	4370	9
884	4370	49
4980	4370	6
5218	4370	3
4541	4370	3
3774	4370	3
1888	4370	5
2531	4370	15
230	4370	9
1962	4370	44
2275	4370	3
2113	4370	8
1609	4370	7
587	4370	9
3243	4370	3
2470	4370	8
1013	4370	13
425	4370	5
1984	4370	3
1574	4370	3
4276	4370	3
1644	4370	3
3677	1586	3
918	730	5
1854	4959	103
3934	4959	5
3324	4959	5
4949	4959	9
1144	4959	6
411	4959	7
1580	4959	3
2027	4959	5
3688	4959	3
4556	4959	6
1232	4959	6
4945	4959	10
1782	4959	3
2303	5250	3
4635	2139	3
4668	2139	3
2303	2139	3
11	5030	5
302	5030	3
4619	1950	5
3769	3783	6
4486	3783	6
3206	3783	6
5108	3505	3
3457	5252	3
5001	4814	3
191	4814	7
3999	4814	7
4803	4814	19
2302	5032	39
2303	5032	4
1458	736	3
2546	736	5
2284	1082	4
1962	1082	9
2070	4025	3
1377	4025	3
2191	3885	4
160	2768	5
1802	5237	5
5085	1854	6
3476	1854	7
3960	1854	3
3164	1854	5
1458	1854	38
5176	1854	3
3050	1854	3
4203	1854	3
5114	1854	3
3666	1854	12
4170	1854	3
2518	1854	8
2620	1854	4
4724	1854	4
4949	1854	14
3769	1854	4
4199	1854	6
3394	1854	4
3263	1854	3
1144	1854	7
3097	1854	118
5001	1854	3
411	1854	4
8	1854	23
2600	1854	3
116	1854	5
563	1854	5
2027	1854	7
200	1854	3
2456	1854	3
3688	1854	3
1116	1854	13
933	1854	7
3019	1854	3
3206	1854	43
868	1854	4
143	1854	4
2721	1854	8
1232	1854	8
1909	1854	6
1931	1854	6
4670	1854	17
5039	1854	13
4778	1854	4
903	1854	5
1100	1854	9
4659	1854	4
5193	1854	3
3999	1854	19
4194	1854	6
3054	1854	3
1247	1854	3
450	1854	5
2585	1854	3
3738	1854	4
4945	1854	3
1387	1742	3
3366	2100	5
3366	1774	9
3967	1774	3
622	2344	3
1086	854	3
2984	2871	4
4315	2160	5
3057	2160	3
1838	771	3
3250	3690	3
3960	3934	3
2531	3934	3
1962	3934	4
441	2174	4
74	2174	4
365	2174	3
2885	128	3
3742	128	6
1458	433	4
4825	433	6
764	433	17
1382	2284	9
5131	2284	5
3270	2284	7
3126	2284	3
2234	2284	3
3960	2434	3
4152	2190	3
765	2190	6
116	2190	5
5147	2190	4
1166	2190	3
933	624	5
4931	398	3
995	398	3
3774	398	4
1008	398	3
1799	398	4
1386	3366	6
4654	3366	3
1962	3366	4
1677	2467	9
2175	2467	4
3181	2467	4
1516	2467	4
2620	1477	4
4563	1477	7
1344	4097	3
1458	5085	3
4949	5085	21
3769	5085	4
2027	5085	70
3189	5085	4
72	427	3
5251	427	6
4998	427	5
2724	427	3
7	4039	3
5224	4039	9
3324	3954	3
3703	4191	3
4149	4649	23
1110	4649	3
4919	4649	22
2169	4649	4
3167	4649	3
3731	4649	3
1535	4649	14
1963	4649	5
4621	4649	4
3453	4649	10
4478	2631	7
4713	515	4
4931	515	4
3329	515	3
1377	515	13
939	515	3
3774	515	5
2305	515	3
101	515	5
3135	515	10
1962	515	3
7	515	8
1488	515	12
2794	515	3
4075	515	9
1962	1693	3
4841	1165	3
3324	3595	6
2620	3595	4
1360	3595	7
1962	3595	7
3672	3595	5
286	231	7
1931	231	6
3054	231	3
1377	2070	4
3774	2070	5
587	2070	3
3960	3957	3
2531	3957	3
165	227	4
3116	227	4
2736	3798	4
4086	4713	3
11	4713	3
4949	3476	13
3769	3476	4
1252	3476	3
5011	3476	3
1980	3476	19
2027	3476	20
4486	3476	4
3730	3476	3
4670	3476	4
4783	3476	7
2945	3476	3
3387	3476	3
3834	1677	8
3728	1677	7
221	1677	3
4296	1677	4
2702	1677	4
626	1677	3
1827	1677	3
1682	1677	7
5204	1677	4
2175	1677	4
3181	1677	4
1516	1677	4
3769	3095	4
2812	3960	3
2296	3960	5
4086	3960	13
4208	3960	7
3131	3960	20
3715	3960	3
648	3960	10
74	3960	4
153	3960	40
1962	3960	4
4532	3960	4
3672	3960	3
2600	3960	5
1015	3960	3
1518	3960	3
3490	3960	6
5193	3960	3
3324	150	5
3833	2385	4
2991	2385	5
2491	2385	3
2556	2482	8
3179	1913	12
1086	1913	6
764	4441	3
904	2153	4
3453	2153	4
904	474	3
3453	474	5
2303	1589	4
1594	4490	5
101	4325	3
4052	4325	7
1566	4325	3
1773	3164	3
1360	3164	4
4949	3164	3
2531	3164	7
2096	3164	3
506	3164	3
5176	1965	5
1515	4098	4
4619	4098	3
3704	4098	3
1458	918	4
2471	918	8
2518	918	6
4668	918	41
3620	918	7
2531	918	3
4472	918	16
4486	918	7
5092	918	3
3975	918	4
3296	918	3
1466	918	5
2739	2354	14
2531	2354	5
3020	2354	3
2303	2354	4
5224	2354	6
3769	1458	5
1360	2302	4
4949	2302	5
2847	1344	15
1848	1344	5
165	1344	15
2169	1344	3
3426	1344	3
2342	1344	6
3088	1344	3
4792	1344	10
2322	1344	8
3333	1344	9
2390	1344	14
3492	1344	9
4841	1344	13
4569	1382	8
7	1382	9
5061	1382	11
4199	373	4
2303	373	5
995	97	8
2403	4341	5
1661	4341	3
3679	4341	5
3584	4341	8
1848	2847	4
2518	2847	4
4724	2847	23
8	2847	6
3333	2847	3
2390	2847	3
3492	2847	17
195	897	3
3985	4582	5
4919	4582	6
477	4582	11
4556	4582	5
3079	2556	3
230	2556	5
4000	2556	6
3324	4695	3
4160	4695	3
1962	4695	3
3457	4695	4
2697	4695	3
1962	1272	8
4919	3834	7
2169	3834	9
1827	3834	12
1518	3834	18
2109	3834	5
4776	1848	9
4919	1848	10
2169	1848	46
3770	1848	4
3249	1848	5
3079	1848	5
4199	1848	13
2005	1848	3
477	1848	6
4956	1848	5
1962	1848	4
634	1848	7
2574	1848	3
1827	1848	3
2390	1848	5
1518	1848	10
1025	1848	33
1613	1848	24
910	1848	4
2109	1848	22
4146	1848	4
4778	1848	4
4296	3728	4
2702	3728	8
1682	3728	11
4308	3728	17
1554	3728	4
2175	3728	4
1010	3728	4
3181	3728	4
1516	3728	4
2518	2674	4
5131	2674	3
563	2674	3
4783	2674	4
2114	5176	3
4199	1718	4
4668	2224	18
4199	2224	7
2114	2224	5
5131	2224	5
2531	2224	3
1962	2224	12
2303	2224	3
3672	2224	5
1004	2224	3
1025	2224	20
5224	2224	6
4241	2224	27
933	2224	6
2549	2224	4
4723	2224	6
2721	2224	4
1773	1062	6
1802	1062	4
506	1062	4
1773	5120	3
1802	5120	8
506	5120	4
943	2177	5
195	2943	3
2109	2943	15
4085	2943	3
4697	2704	4
4397	1773	4
4724	1773	3
1802	1773	3
5001	1773	3
8	1773	11
4744	1773	4
4486	1773	7
174	1773	4
506	1773	16
966	1773	3
5251	4645	3
1981	3802	6
2113	3802	3
2876	3361	7
3326	3361	3
3201	3210	5
2152	3210	3
304	2925	10
2574	2925	15
2096	2925	13
4543	2925	7
1613	2925	6
4146	2925	7
3329	4931	3
884	4931	10
3774	4931	44
3135	4931	3
1799	4931	5
2668	4931	3
4075	4931	3
4668	3050	4
3769	3050	3
2377	2340	3
2303	3775	3
74	1701	3
1889	2471	6
4329	2471	5
3468	2465	5
37	2465	6
2109	2465	3
5204	1500	7
2080	3324	4
1377	3324	6
4160	3324	3
4949	3324	7
3769	3324	5
884	3324	4
5131	3324	4
1962	3324	10
2690	3324	4
1580	3324	3
7	3324	3
1185	3324	3
1574	3324	5
1519	3324	3
5061	3324	10
4858	4280	4
4668	4280	3
2531	4280	3
563	4280	9
5224	4280	6
3769	2080	3
4358	2080	5
17	2080	6
5051	3468	4
1716	4149	3
4875	4149	4
2003	4149	4
4865	4149	4
1535	4149	13
3341	4149	9
1009	4149	10
4536	4149	3
1963	4149	4
3453	4149	10
1441	2773	5
1510	2773	3
1866	256	3
4139	494	3
5192	5016	3
4668	5016	3
4199	5016	3
3761	5016	3
1962	5016	7
3059	5016	3
710	3254	3
4126	3864	4
933	4858	3
2546	257	4
752	995	5
74	995	21
2516	995	7
4618	995	4
74	4022	4
2516	4022	5
5084	4022	3
1744	4022	6
5051	5105	4
74	5105	3
2516	5105	4
3574	458	13
80	458	12
3263	458	3
5243	458	5
1109	458	3
4732	458	21
2504	458	10
880	458	6
2442	458	4
477	165	3
4792	165	3
2322	165	3
3333	165	5
3667	165	6
3116	165	11
434	165	4
2390	165	12
4841	165	4
3769	4914	4
365	4914	18
1802	2407	6
855	2407	6
4276	1235	3
2518	4203	4
3620	4203	19
2531	4203	4
1962	4203	3
1377	5094	5
4086	5094	10
902	5094	4
1962	5094	90
988	5094	11
2649	5094	13
3206	5094	6
3610	5094	22
5131	912	8
2531	912	3
1962	912	23
1584	912	3
2716	912	11
3677	4437	6
3935	3316	3
4590	3961	3
5131	3961	11
3270	3961	3
1446	3961	4
1180	3574	13
3770	3574	4
2714	3574	3
80	3574	3
3769	3574	3
2276	3574	7
3042	3574	4
477	3574	3
4865	3574	10
1962	3574	5
1880	3574	7
1238	3574	3
4805	3574	5
2621	2826	4
4464	2826	3
1110	4666	9
4919	4666	7
4732	4666	4
2109	4666	26
933	4666	8
2114	1398	7
4919	1110	18
2109	1110	20
2114	2083	4
855	438	8
2396	438	4
4865	1180	4
3079	50	5
4569	50	3
4671	1637	5
4452	1844	5
2027	1085	3
2620	4893	3
101	4893	7
1758	4893	8
2163	4893	8
4919	4776	3
4253	4776	4
2303	3389	4
1459	3389	9
1377	3329	6
2620	3329	3
4199	3329	3
884	3329	4
3774	3329	5
1044	3329	3
1962	3329	3
3243	3329	3
1185	3329	3
1803	3329	3
4308	221	5
2175	221	4
3181	221	4
1516	221	5
1928	678	23
668	678	3
2663	678	12
2876	532	9
2745	532	9
4199	243	5
1962	243	4
1255	243	5
1377	1072	7
587	1072	3
288	1106	11
98	1106	19
764	1106	3
1065	1106	3
1613	1106	4
43	1106	4
4389	1106	5
2220	1106	7
195	1532	9
2303	1532	7
3966	3924	4
4919	4875	4
3492	4875	12
3079	1866	3
828	1866	3
7	1866	4
2417	1866	3
1584	1866	6
4463	1866	6
3137	1866	4
3769	3496	3
4330	4244	3
1962	3772	7
2600	1577	3
4326	1577	18
5193	1577	3
2372	1031	4
764	3236	10
4546	1090	3
1692	47	12
1009	3142	19
4668	3099	23
764	3099	9
2885	3099	3
2600	3099	4
3921	3099	4
1446	3099	7
5184	3099	3
4115	3099	3
1962	1386	6
2445	1386	3
587	1386	4
2470	1386	5
2853	4919	3
2005	4919	4
634	4919	3
3333	4919	10
3116	4919	11
4151	4919	7
3341	4919	4
2390	4919	6
1963	4919	6
4013	4919	7
2109	4919	15
4621	4919	3
3453	4919	5
1108	3179	6
1086	3179	9
2853	2169	7
4949	2169	4
4367	2169	7
2276	2169	7
2005	2169	3
4792	2169	3
4956	2169	6
4948	2169	3
2390	2169	3
1025	2169	24
1613	2169	8
880	2169	3
910	2169	4
2109	2169	4
83	2169	3
4778	2169	3
2241	3875	3
1387	2154	4
135	2154	3
884	1377	19
3774	1377	6
2305	1377	9
3135	1377	8
4492	1377	3
2966	1377	4
2318	1377	5
587	1377	44
2516	1377	29
988	1377	4
1135	1377	4
4463	1377	4
4075	1377	8
4987	1377	3
4850	1377	4
3559	1377	3
1981	2804	3
634	2804	6
2668	1760	4
2109	2621	4
933	2621	3
4199	4590	4
2303	4590	4
2096	1034	3
4841	3737	5
2276	3770	18
477	3770	9
4865	3770	9
1025	3770	5
891	3770	21
880	3770	3
4775	3770	4
4805	3770	42
377	3770	5
4468	1889	3
2026	1889	3
2241	1889	3
894	1889	6
4227	1889	3
724	1889	7
3688	1889	3
3332	1889	6
4538	1889	3
3127	1889	4
933	3666	3
4668	2181	4
2026	2181	3
894	2181	4
724	2181	3
3769	441	3
191	441	5
933	441	4
1985	441	3
3999	441	4
1254	441	3
1426	441	6
3769	2006	14
191	2006	7
3679	2403	3
224	2403	3
884	338	4
1962	338	6
765	338	6
18	2264	5
3707	2264	4
1941	2264	6
2518	1907	7
74	1907	5
365	1907	3
2885	1907	13
537	1907	5
477	3249	5
1025	3249	7
4543	3249	3
2318	1267	5
3789	1267	3
5011	5207	4
4486	5207	16
2721	4132	3
7	4963	3
887	4963	19
598	1456	3
114	2899	4
1307	2899	3
1802	4397	3
550	4397	3
4133	4397	3
472	4397	14
855	4397	8
5131	182	3
3672	812	4
4286	812	6
472	2850	6
3042	2714	3
4865	2714	10
2078	2714	10
3579	5175	5
364	2226	9
5224	2226	5
3556	4170	13
4423	4170	5
4613	4170	5
508	4170	3
2518	3556	4
3620	3556	3
2690	3556	3
1309	3556	8
2739	2518	16
4423	2518	4
648	2518	5
4613	2518	15
1827	2518	4
1518	2518	4
237	2518	10
2109	2518	5
2303	4635	3
4486	4372	4
2114	1870	3
153	4668	3
365	4668	3
764	4668	5
2303	4668	6
1446	4668	3
933	4668	4
5098	4668	4
3368	4668	3
4199	4697	14
3491	4697	6
4152	4697	6
2303	4697	6
3368	4697	6
2739	2865	3
3020	883	5
600	883	5
563	883	3
1535	943	3
2390	2342	6
1603	2853	3
2096	2447	3
2005	3488	4
4698	2688	3
3769	344	10
2357	344	13
4464	2406	4
2739	3620	4
4423	3620	3
4613	3620	5
933	38	7
2623	750	6
472	750	3
5079	3665	4
3769	3471	13
5131	3471	15
1687	3471	4
2113	3471	5
537	3471	3
2191	3471	10
2668	3471	4
3206	3471	12
4194	3471	7
5218	4877	3
230	4877	12
3672	4877	3
1838	4877	22
1185	4877	3
3921	588	3
4724	2620	7
101	2620	22
2700	2620	11
230	2620	21
4563	2620	7
1962	2620	3
3672	2620	9
600	2620	13
78	2620	8
933	2620	51
1166	2620	36
1209	2620	3
2697	2620	13
2289	2620	9
101	1275	3
2069	1275	3
1584	1275	3
4714	1336	3
3977	4724	15
2096	4724	13
1025	4724	3
36	4724	3
3544	80	8
4259	5188	3
2303	5188	27
1013	5188	3
537	5188	22
2531	3978	3
2262	3978	3
2096	3978	4
933	3978	3
3206	3978	11
1931	3978	7
3333	3198	3
74	669	4
2885	669	7
1519	669	6
3079	3807	9
4152	3807	5
1962	3807	6
3813	3807	4
4486	3807	12
4329	3807	4
43	3807	10
636	3807	5
3942	2453	3
2448	4489	6
237	2982	4
4151	1360	8
2396	1360	3
3263	4949	3
1839	4949	5
2947	4949	3
2009	4949	3
158	4949	5
5081	4949	8
1810	4949	3
3769	1228	20
4199	1228	5
3491	1228	5
2531	1228	3
367	1228	3
836	3769	4
2690	3769	3
91	3769	9
1748	3769	7
3060	3769	6
2721	3769	14
357	3769	27
2245	3769	3
683	4199	3
4821	4199	4
3289	3894	4
4486	3894	9
4556	3894	7
3371	3894	4
4329	3894	3
3973	3894	3
3413	1560	4
3131	1943	20
2531	1943	13
933	1943	6
2114	860	6
4259	860	9
2113	860	6
4085	860	6
1065	288	3
1613	288	4
43	288	6
1548	2671	3
2531	2718	25
2303	2718	22
2600	2718	5
7	2718	4
1095	2718	8
3206	2718	46
4670	2718	15
4258	2718	3
2947	2718	4
5193	2718	5
198	2718	3
4417	2718	3
2357	2718	8
16	2718	5
3182	884	7
3774	884	18
4654	884	5
4569	884	3
1962	884	5
3672	884	6
587	884	5
7	884	15
1584	884	15
4286	884	6
988	884	3
1135	884	4
1185	884	8
1574	884	8
4847	884	3
4183	884	6
5061	884	6
2992	884	3
2289	884	4
3457	1721	3
550	1802	3
2531	1802	11
3408	1802	4
8	1802	12
472	1802	3
855	1802	3
927	1802	9
174	1802	4
506	1802	18
2005	2276	7
477	2276	16
4865	2276	12
1109	2276	3
634	2276	3
3333	2276	9
1147	2276	6
880	2276	7
4805	2276	7
2442	2276	5
3594	2276	4
2854	3394	3
3975	3394	10
2574	304	3
4865	3042	9
2078	3042	6
3688	4358	3
2300	45	8
74	45	3
2531	45	16
3026	45	5
875	45	10
3903	45	3
933	2980	4
4789	343	3
2801	343	4
3203	5218	4
300	5218	3
2260	5218	3
2303	3121	10
2531	2114	6
11	2114	4
764	4412	10
3066	627	5
1962	2118	12
230	939	3
1044	939	3
828	422	17
1510	422	4
1459	422	5
311	2878	3
1564	2349	3
2113	228	4
2739	552	7
3491	552	4
2531	552	4
1095	552	3
933	552	22
1147	2005	4
83	2005	3
3975	1143	16
3950	4576	7
2885	4340	6
2109	4464	3
933	4464	6
367	2739	6
1931	2739	5
4659	2739	4
2723	2739	31
563	2833	4
3371	2833	6
1392	2876	8
2917	2876	30
3509	2876	10
364	2876	14
2040	2876	9
2745	2876	29
5079	2876	9
5224	2876	3
2531	4208	9
933	4208	7
3438	4208	3
323	2165	9
2166	2165	3
314	2165	11
252	2165	8
2864	2165	5
4404	2165	3
4276	2280	3
531	2092	4
764	3761	29
3132	3761	4
3332	3761	4
2122	3761	6
2848	3648	3
1636	3648	4
178	3648	4
4492	2852	3
3672	2852	7
4286	2852	9
446	2852	3
1135	2852	6
964	2852	4
3141	2852	4
1679	2852	4
4654	1890	6
2531	1890	3
1199	3263	6
803	3263	3
4478	4272	7
107	4272	3
74	3131	9
2690	3131	6
4306	2844	3
1993	4507	3
1962	4507	4
3318	683	3
723	683	3
2917	1392	4
1962	1392	4
4241	1392	8
5131	204	6
3999	204	4
4152	752	9
5131	752	3
74	752	5
153	752	3
2531	752	3
1222	752	4
5079	752	9
2531	1975	4
2883	1975	3
3138	1975	3
3259	1975	3
2294	4152	3
2574	454	7
1139	1658	4
411	1281	4
1199	1281	3
3640	1281	3
4865	477	3
4792	477	4
3333	477	3
3667	477	3
3116	477	16
2390	477	5
1025	477	6
891	477	3
4013	477	3
1168	477	8
880	477	11
2109	477	3
2119	477	14
4805	477	16
2442	477	4
1962	3458	11
1255	3458	3
503	3458	6
1962	51	3
4241	4123	3
2531	648	3
933	648	3
2303	5243	4
2128	5243	4
4194	5243	3
52	3755	3
4744	3755	6
4486	3755	4
1005	3755	5
4659	2028	4
358	2028	4
5026	3869	4
4518	4381	3
2305	3774	12
4323	3774	8
4654	3774	10
101	3774	3
3135	3774	6
1962	3774	5
3672	3774	4
2318	3774	3
587	3774	4
1008	3774	4
1799	3774	12
4075	3774	4
4276	3774	4
2568	3774	3
1962	3935	6
4618	3935	3
3026	1078	5
4486	1078	11
2384	1078	3
4737	1078	4
5131	2300	24
74	2300	12
2303	2300	9
323	2300	9
5224	2300	13
4556	2300	43
2062	2300	9
3059	2300	5
1109	4865	4
1880	4865	51
2885	4865	7
4805	4865	19
4106	4865	6
436	4865	3
230	5131	6
4237	5131	3
3206	5131	6
1962	902	4
3672	902	4
367	902	5
3232	902	3
1166	902	3
4501	902	3
4654	2305	12
101	2305	6
2531	2305	7
364	2305	16
1962	2305	3
2069	2305	4
2470	2305	4
5224	2305	6
1799	2305	3
1629	2305	5
4654	4323	13
101	4323	3
587	4654	3
2470	4654	17
4486	5026	5
2966	1888	3
1488	1888	5
1584	1888	15
446	1888	10
4281	1888	4
1021	1888	4
3672	5051	4
2628	5051	4
653	101	4
41	101	3
3243	101	3
2069	101	5
790	101	3
1838	101	9
1086	101	9
2794	101	7
4689	101	4
195	2917	7
3509	2917	8
2040	2917	5
5079	2917	3
5224	2917	6
153	74	6
2531	74	3
230	74	4
1962	74	14
2303	74	17
1222	74	3
4671	74	3
469	74	5
5079	74	3
480	74	4
229	74	5
3060	74	3
4778	74	5
2705	74	3
2690	153	6
469	153	3
4700	153	3
2109	195	5
2476	5201	3
3720	5201	3
764	3270	4
3457	3270	7
2885	2531	4
4532	2531	3
3490	2531	3
2568	2531	4
3858	11	3
1880	3148	5
4867	3148	3
8	2883	3
397	2883	4
600	3509	8
501	3509	7
160	3509	34
933	3509	8
3975	3509	4
456	3509	4
2721	4583	8
3626	4583	8
3819	4583	9
2303	5001	3
237	4613	4
2859	4613	3
1008	4394	3
1799	4394	3
2668	4394	5
472	2623	4
4491	1661	4
1673	1661	3
2113	3721	3
1636	836	5
230	3135	3
2303	3841	3
1584	4569	7
446	4569	6
4036	4569	3
2303	2971	4
2156	1252	5
1987	1252	3
5130	1252	8
4841	282	3
1025	4956	5
230	653	3
3672	653	3
2353	2075	5
3217	2075	5
3628	2075	4
1200	2634	6
600	2634	6
933	2634	4
5059	5230	16
4396	3546	4
2175	2702	4
3181	2702	4
1516	2702	4
2109	4825	11
537	365	3
5079	365	4
5224	365	7
4241	365	3
3492	1534	3
3950	1372	4
2574	3495	11
4543	3495	13
3371	191	3
41	2700	12
933	4753	4
5245	4091	6
4486	4091	3
160	4091	4
2456	4091	6
764	8	3
506	8	3
5233	8	10
4538	8	4
3127	8	3
4085	8	3
1394	8	3
850	2476	4
2047	2476	6
1329	2476	6
1880	5245	6
3594	5245	4
3256	2237	4
3132	764	8
1962	764	7
2885	764	6
3057	764	13
2303	764	7
7	764	3
1025	764	7
3332	764	10
2603	764	3
4111	764	6
4935	764	3
3243	230	3
1751	230	3
2470	230	5
2984	230	4
2794	230	3
2627	230	4
2303	2901	11
2504	4732	12
2128	4732	26
562	4732	10
4241	4732	4
765	877	5
116	877	3
4241	877	3
2600	3204	3
3211	3204	5
3950	3204	9
933	3020	9
41	4563	3
3967	364	4
2600	364	3
1799	364	3
3610	364	3
5193	364	3
1447	4133	4
2303	1962	6
483	1962	4
3243	1962	3
2470	1962	8
1488	1962	21
3053	1962	7
4463	1962	5
3206	1962	7
3085	1962	3
4778	1962	3
1567	1962	9
2574	2690	4
5049	2690	3
2303	634	3
1739	850	5
1574	3369	3
5011	52	4
3777	52	3
1005	52	3
2390	2322	9
3565	1880	3
4492	1309	4
2504	1475	17
323	1475	3
1214	940	6
1687	992	3
2721	992	4
2303	3977	5
2113	3977	5
600	3977	5
2027	3977	5
537	3977	4
4594	3977	6
4085	3977	5
4194	3977	6
2303	180	3
2303	2574	4
2096	2574	37
1025	2574	8
1613	2574	24
4146	2574	9
1680	2574	3
2561	3273	3
1327	3333	7
4536	3333	3
2109	3138	3
4085	3138	7
880	2504	4
2442	2504	3
880	1199	4
2047	3640	3
416	3579	3
1856	3579	7
895	3579	9
2755	3579	9
1167	617	3
1168	3116	3
988	102	6
1825	4299	4
1574	4492	3
2745	2040	6
5079	2040	4
933	4532	5
3023	3359	3
855	152	3
3243	3672	8
790	3672	12
1584	3672	4
4286	3672	3
3053	3672	6
5011	2849	3
3213	2849	4
5123	2849	14
5216	2849	3
1488	2141	3
4286	2966	7
933	2600	4
3526	2600	5
1580	5011	20
4670	5011	3
4769	5011	4
4309	1196	3
5233	1196	7
4586	1196	3
2505	3753	3
5212	3753	6
5233	2747	3
1	3026	3
3401	3026	5
116	4867	3
5147	4867	4
2736	1457	3
3332	3427	4
1604	655	6
1013	1775	11
2663	3038	3
1065	41	3
3302	41	6
1095	4151	3
2938	4151	6
4491	4151	13
1673	4151	6
1627	4151	6
416	3350	14
1963	1535	3
3453	1535	3
4744	1580	56
4486	1580	19
3371	1580	6
1402	1580	4
4629	1580	3
3470	1580	18
4783	1580	3
4284	1580	3
875	2128	4
880	2128	3
2636	2128	4
2996	2128	4
4309	2612	3
446	2318	5
63	2318	3
933	4472	4
887	779	4
4389	3742	3
2191	2013	4
2716	2013	10
1873	1872	5
7	1609	13
367	91	9
933	91	6
2008	91	46
4670	91	10
4334	91	6
1254	91	7
3584	3679	4
1838	1108	6
4052	1108	5
1086	1108	9
1185	1227	3
5061	1227	7
7	587	23
2516	587	12
1584	587	22
4286	587	26
988	587	12
1086	587	4
2668	587	3
4276	587	5
1594	587	3
241	587	3
1284	3243	4
1537	3243	3
81	3243	3
933	1200	6
1009	3341	12
600	0	7
537	0	5
5224	0	3
1931	0	3
1955	598	4
1571	1084	3
3310	1084	3
4842	1084	3
323	875	10
1238	875	5
3903	323	3
1238	323	4
4017	1942	9
5086	1942	6
1584	2069	5
4126	2069	4
1584	2247	5
790	7	3
3053	7	5
1679	7	3
1567	7	5
1680	638	4
1009	1139	3
2175	1682	4
3181	1682	4
1516	1682	4
5224	4335	10
915	4335	3
5140	2470	3
4059	2470	6
1541	2470	4
3975	2470	4
933	600	7
4698	3921	7
2815	3921	4
4536	1009	4
1167	4962	3
4330	960	3
5204	3657	3
3206	58	6
2751	58	3
3314	4237	4
1140	4237	3
4714	2788	4
3571	2788	4
4486	1004	10
4723	1004	4
2745	3959	3
4538	724	4
4330	2362	4
2546	2362	3
1025	2390	4
3492	2390	9
4841	2390	29
4486	3493	19
2109	1518	3
174	1518	6
2109	2658	5
1025	2096	9
4543	2096	16
1613	2096	43
3492	2096	4
4146	2096	16
4556	2096	17
4085	2096	82
3289	4744	8
2423	4744	5
1402	4744	3
2721	4744	3
4945	4744	3
910	1025	5
4841	1025	3
2109	1025	5
1459	1488	3
4158	278	3
1095	1013	3
1623	1013	4
4769	2027	3
2945	2027	6
4486	3187	6
3053	1781	5
1095	4105	31
1603	4105	4
1135	1584	3
3448	4286	4
3492	1613	7
4841	1613	4
2109	1613	11
5224	1613	7
933	1613	3
3975	1613	3
4531	988	19
933	537	12
3999	3720	3
1750	3114	3
2119	891	13
4805	891	3
4463	223	3
3205	2191	7
198	72	4
1748	4486	10
1116	4486	5
3060	4486	6
4329	4486	12
2721	4486	7
2793	4486	4
4411	4486	13
5041	4486	3
1916	4486	3
4670	2382	7
2054	2382	3
3387	2382	4
2546	3583	8
4723	3583	3
4518	602	3
2809	2546	3
933	508	3
1225	1446	3
293	160	13
3968	160	8
1831	160	10
2698	61	3
2825	3082	3
933	36	7
1931	286	5
3054	286	3
1164	1625	4
2668	1606	4
885	4158	12
2456	3321	4
3942	134	3
741	2744	5
895	2744	4
2755	2744	7
4939	2744	5
3239	1748	3
1183	4245	4
2119	1168	4
4805	1168	4
933	3902	3
1906	17	6
2611	17	3
4841	3492	12
3948	3033	3
4778	910	6
3975	910	6
2553	2377	3
5069	2794	3
4994	2794	3
933	525	8
3206	525	4
903	2456	8
1574	5140	10
3651	5140	6
1548	1007	5
1257	3688	4
3999	1739	8
1485	3205	3
3797	1116	11
290	1116	10
3597	2636	5
3699	4281	3
4339	2573	3
2938	3584	5
2639	3584	4
2442	3847	3
1473	5092	3
1394	423	3
4194	423	12
1574	2649	3
4463	2649	3
2652	2649	3
1931	4905	3
3933	4905	3
503	1021	3
751	1185	6
2764	1185	4
1799	1008	3
2668	1008	5
2668	1799	5
4730	1307	3
4637	4805	6
305	2668	10
5141	2668	3
3441	2668	4
1777	2668	3
741	416	9
3432	342	3
4246	1519	7
5061	1519	10
2764	1519	8
1258	933	3
4670	3019	4
3594	509	5
4998	5251	3
4778	5233	5
2569	4791	3
3779	2569	3
177	3206	6
2599	3371	3
3764	3371	3
4945	3371	5
3999	1564	3
2914	2321	3
5061	751	8
3950	2981	4
4670	3060	8
4197	3060	8
4969	1801	4
436	2187	11
234	3085	4
356	305	3
3441	305	3
1777	305	3
714	305	3
4194	4813	8
3211	1594	6
3950	1594	4
1931	1303	4
3925	5214	3
1921	4163	3
2721	2748	3
1903	119	3
5187	4329	3
1005	1656	3
1247	1112	4
696	4488	12
1334	4488	5
4365	2215	3
4911	4637	3
3613	179	3
804	4896	5
4074	2598	3
3516	2598	3
2553	1459	8
5061	3575	3
4339	3817	5
5061	4653	10
3028	1754	3
1067	2122	3
1585	1413	4
1603	2889	4
3626	2889	4
2697	2889	4
1931	4726	8
465	4418	4
4173	5118	3
1361	266	4
5216	4777	3
4819	4087	4
4670	1232	3
3999	4922	3
3926	5244	5
105	5244	4
4611	5244	3
2722	3730	5
2616	3730	5
4057	1055	3
1931	708	4
3425	708	4
363	3613	3
4306	5187	19
1443	1400	4
727	1400	7
2716	670	12
3999	213	3
4194	213	5
1673	2021	3
2178	2021	3
2142	5069	3
4994	5069	4
1603	1891	3
4916	5198	3
2992	4880	4
3975	1184	4
432	2904	4
1029	2919	3
1394	2126	3
3999	2126	3
4194	2126	16
2366	2126	3
3069	2126	3
2806	2126	3
1276	2126	7
3002	3744	3
2142	2887	3
4194	4195	3
1636	1326	3
3743	3846	5
1636	57	3
1333	4769	4
4194	817	4
1681	2144	3
1834	5039	5
1810	5039	3
3264	727	5
2659	2938	3
3238	1676	4
5193	1996	3
1100	465	3
2659	2639	4
2659	1673	7
1129	1435	4
2724	4998	3
3837	2167	3
3259	432	4
522	696	5
2659	1627	3
3973	3926	3
4194	3612	6
3950	2301	4
1330	4807	3
1680	4807	8
1636	861	7
1461	861	3
1189	1636	9
1862	1636	3
4388	4478	3
2164	4594	3
2436	3780	6
4194	1302	3
698	804	3
3303	763	3
93	916	3
1496	1752	3
2103	3726	3
1029	610	3
1029	219	3
1163	1176	4
1763	1176	3
2326	1176	9
2306	773	4
3320	1319	3
4906	1834	3
1455	1834	3
4589	1834	4
4194	3998	14
1998	2786	3
2545	2997	4
1700	2997	12
4005	2997	20
4620	2997	13
2372	177	3
5216	2381	3
2986	2009	7
569	2009	7
5018	2009	7
4254	1455	3
4099	3258	4
1896	2765	3
1793	2765	11
490	46	3
1793	46	4
1793	490	6
1793	1552	12
426	3293	4
1807	1310	4
1793	1310	7
4229	1310	3
1793	1807	4
4099	1971	6
1337	2563	4
5102	1664	4
3054	3637	3
2764	3637	3
590	2629	5
2553	3661	3
3054	1189	3
3155	76	12
1027	76	12
5102	76	12
3150	1333	3
4194	2066	3
1766	4883	4
4194	2583	8
3919	522	3
4476	4547	5
4476	2121	3
4991	5172	3
2787	3540	9
2986	3054	3
4589	1895	5
569	4991	5
2986	4283	5
569	2986	6
5018	2986	5
4200	1483	4
3284	346	4
2103	2432	4
3259	2907	5
2646	3873	3
4064	4409	3
2684	4758	8
2684	4758	8
1669	3697	5
502	5154	3
447	2493	4
3048	2000	4
3997	104	3
271	2767	3
5101	1300	4
4439	1300	3
3872	4431	3
3400	155	5
1029	496	3
4466	2410	3
3107	1288	3
1029	969	3
684	908	6
4520	2939	3
189	27	5
189	5253	8
2001	4706	3
4920	1038	3
