4597	4314	3
4597	2880	2
4597	4241	2
4314	3952	2
4314	1710	3
4314	1885	2
4314	1312	4
4314	2921	4
4314	5077	3
4314	808	2
4314	4370	2
4314	4959	6
4314	2190	26
4314	3366	4
4314	5085	7
4314	3476	4
4314	2224	16
4314	1773	3
4314	2465	2
4314	3961	2
4314	1398	5
4314	532	2
4314	1532	8
4314	2169	3
4314	1907	4
4314	3556	2
4314	4668	153
4314	4697	10
4314	2620	2
4314	3807	14
4314	1360	3
4314	3894	14
4314	422	6
4314	4644	2
4314	2876	16
4314	3648	3
4314	1890	2
4314	1392	9
4314	4275	2
4314	752	8
4314	1835	6
4314	4123	2
4314	2300	22
4314	948	2
4314	902	3
4314	1888	2
4314	74	16
4314	3509	8
4314	1252	2
4314	365	18
4314	4753	5
4314	8	10
4314	764	2
4314	2901	2
4314	1024	2
4314	4732	2
4314	877	12
4314	364	2
4314	850	3
4314	1309	2
4314	3977	3
4314	3273	2
4314	2504	6
4314	4867	14
4314	1893	10
4314	4164	2
4314	1015	6
4314	2470	4
4314	3756	2
4314	58	13
4314	3100	18
4314	4237	2
4314	237	2
4314	1025	8
4314	2745	10
4314	615	2
4314	1613	2
4314	5147	6
4314	134	2
4314	2007	3
4314	17	21
4314	3463	2
4314	4531	2
4314	4224	7
4314	2047	2
4314	1594	2
4314	3347	4
4314	4353	6
4314	1232	5
4314	671	2
4314	3222	2
4314	2992	6
4314	4769	3
4314	1239	2
4314	4568	6
4314	3511	2
4314	813	13
4314	2366	2
4314	1729	2
4314	728	3
4314	5067	2
4314	3896	2
4314	1900	3
4314	5209	2
4314	4802	2
4314	4236	2
4314	3016	2
4279	4448	2
4279	4649	8
4279	1009	3
4279	83	2
920	4370	3
920	995	3
920	3772	3
920	3575	2
4089	3874	2
4089	5108	2
1175	375	5
931	4239	7
931	2755	3
4239	416	3
1710	2174	2
1710	3769	16
1710	4486	43
1710	160	2
1885	3640	2
1885	2725	2
3867	3966	5
3867	11	8
3867	1166	4
3867	2289	4
1749	3243	3
3758	343	2
3758	520	3
3758	160	2
3520	2574	13
3520	2096	6
3520	4543	20
3520	4309	2
2921	4250	3
2921	4370	2
2921	4959	3
2921	657	4
2921	2190	2
2921	1653	2
2921	2385	2
2921	3164	3
2921	2224	4
2921	1773	2
2921	3090	2
2921	2739	6
2921	1975	2
2921	8	2
2921	764	8
2921	1962	4
2921	2262	4
2921	1580	3
2921	4948	2
2921	4671	3
2921	3289	2
2921	223	2
2921	36	4
2921	3321	2
2921	3943	2
2921	4723	8
2921	143	2
2921	1373	2
2921	620	2
2921	903	2
2921	4581	5
3663	982	2
3663	2546	12
3663	2549	3
2038	2804	4
2038	3556	4
2038	1613	2
744	3079	2
744	1584	3
3569	2128	2
1289	4719	3
1289	128	3
1289	4573	2
4206	3509	2
2304	3249	2
4882	3142	2
5077	1538	3
126	4635	7
1707	101	2
55	995	3
3248	918	2
3248	1773	3
3248	1802	2
3248	2126	3
4537	4668	4
3183	3774	2
3183	587	8
3183	1284	2
4873	5204	2
4596	1085	6
3881	2342	2
3881	2165	3
3881	2917	2
3881	4271	2
3881	3074	8
3881	2198	4
3881	2639	5
3323	4370	4
3382	4778	4
2807	1854	3
2807	3394	3
3589	3798	3
3589	1457	3
3528	101	2
824	2344	4
824	622	5
824	3921	8
4593	230	5
3578	779	2
3364	1773	2
3364	1802	2
3364	506	2
3494	1475	14
3992	4370	16
3992	4931	2
3992	1235	2
3992	1377	5
3992	2280	5
3992	3774	3
3992	1888	3
3992	764	2
3992	587	5
3992	2668	2
3992	174	3
3992	4276	3
3992	1400	3
3992	4778	2
1728	4875	2
737	622	3
737	2688	4
737	588	2
737	3921	4
737	707	2
2487	2217	12
2487	1854	2
2487	3324	3
2487	1377	2
2487	1888	5
2487	764	3
2487	4510	2
2487	4151	2
2487	587	13
2487	1574	2
4426	888	2
4433	3960	3
4433	1848	5
4433	3556	8
4433	2518	3
4433	153	3
4433	4613	3
4433	1025	3
2383	4241	2
972	3574	2
972	2620	3
972	2453	4
972	8	3
972	2096	2
3052	230	6
4250	4370	6
4250	2935	2
4250	3960	2
4250	2518	2
4250	2447	6
4250	2620	6
4250	3394	2
4250	8	3
4250	230	4
4250	1227	2
4250	3289	2
4250	2382	2
4250	5108	2
4250	4723	2
4144	1613	4
4144	1184	4
4144	4641	9
4144	1162	2
4144	658	3
4144	4211	4
4144	5213	3
390	5218	3
390	4276	5
1863	1456	8
1863	598	5
1863	114	3
3480	1417	2
4135	1382	2
4135	3324	5
4135	4160	2
4135	2852	5
4135	5131	11
4135	2516	2
4135	3448	2
4135	2892	2
385	4893	2
385	2305	2
385	101	7
385	230	9
385	1135	2
820	3966	2
2394	2385	3
2394	2456	3
2394	903	7
631	4330	2
631	2546	3
2630	2303	2
4008	4308	2
1822	1477	2
1822	101	3
1822	2700	2
1822	4563	4
1822	41	2
1822	625	6
3818	1134	2
3818	4330	2
3818	2546	15
4056	237	3
2225	2621	8
2225	3556	7
2225	4464	6
2763	3730	17
2763	3637	3
2763	2986	2
4808	3086	6
4971	2139	5
4971	1106	8
4971	1870	3
4971	288	9
4971	764	13
4971	2574	4
4971	1893	3
4971	4543	3
4971	1613	11
4971	4146	2
4971	506	3
4971	4021	2
4971	5127	2
4971	1614	3
2405	4649	2
2405	4149	2
647	52	2
647	3777	2
647	1005	4
1595	352	2
3101	3839	3
2863	2467	2
2863	2025	2
2863	2012	2
2863	1827	2
2863	1518	2
2863	4778	2
808	933	2
2831	4370	4
2831	5218	3
2429	1577	3
2429	933	2
4448	4649	4
4448	474	2
4448	904	2
4448	3453	8
3456	4668	3
3456	764	5
62	995	2
62	5105	2
62	74	2
4719	128	3
982	4937	5
982	3871	3
982	1004	3
982	724	5
982	2096	2
982	1613	2
982	2102	2
1929	4649	4
1929	4149	2
1929	4919	2
2217	4510	8
3501	3340	2
497	4370	15
1764	4397	7
1764	2623	3
1764	472	14
1764	1447	5
3958	515	3
3958	1826	3
3958	3079	2
3958	4619	2
3958	101	2
3958	230	4
3958	4885	2
3958	587	2
3958	7	2
3958	2627	4
394	4149	7
394	3774	2
394	3341	2
394	989	4
2754	4149	4
1539	515	4
1539	3243	3
4370	2868	3
4370	4025	7
4370	771	2
4370	515	5
4370	2070	3
4370	5016	4
4370	1235	6
4370	5094	2
4370	243	5
4370	1393	3
4370	1377	19
4370	606	2
4370	4877	3
4370	2620	13
4370	884	34
4370	4980	5
4370	5218	3
4370	3761	2
4370	1538	3
4370	1890	2
4370	4541	3
4370	3774	5
4370	1888	24
4370	153	2
4370	11	2
4370	230	2
4370	1962	4
4370	2141	3
4370	2013	6
4370	1609	7
4370	1227	4
4370	587	13
4370	3243	2
4370	2470	6
4370	2516	4
4370	425	3
4370	1781	4
4370	1135	2
4370	1984	3
4370	1574	9
4370	2668	2
4370	4075	7
4370	4276	4
4370	3457	12
4370	2017	2
4370	4434	2
4370	1611	2
4370	4653	12
4370	225	2
4370	4726	2
4370	3613	7
4370	4974	4
4370	1931	2
4370	1636	3
4370	2732	2
4370	4568	7
4370	1881	3
4370	3974	2
4370	3522	11
4370	388	8
4370	2309	2
1586	3677	5
730	918	5
4959	1854	105
4959	4203	3
4959	1386	4
4959	8	2
4959	1580	3
4959	3688	3
4959	1232	7
4959	4211	2
4959	4945	8
3622	1383	2
48	3961	3
48	4199	2
2139	4635	3
2819	165	2
2819	477	6
5030	3966	2
5030	11	5
5030	1166	3
5030	2289	2
1950	4619	3
1028	1802	3
3783	4877	2
3783	2620	6
3783	3458	2
3783	4654	6
3783	101	3
3783	1962	2
3783	587	2
3783	1838	2
3783	4065	2
2935	1854	3
2935	3985	3
4445	297	2
4923	2276	2
3505	2663	2
2868	3458	2
5252	3885	2
5252	1854	99
5252	2165	2
5252	4865	3
5252	5001	4
5252	3721	5
5252	4224	3
5252	1212	3
5252	892	3
5252	488	3
5252	2542	20
4814	2385	2
4814	1848	2
4814	2080	3
4814	1866	30
4814	4315	2
4814	2006	12
4814	3426	6
4814	3471	2
4814	4265	2
4814	1228	2
4814	2305	3
4814	5001	4
4814	3721	2
4814	191	2
4814	180	2
4814	91	8
4814	3493	5
4814	4337	3
4814	1049	6
4814	4813	7
4814	628	3
4814	3001	4
4814	3730	3
4814	3200	3
4814	5187	2
4814	4670	5
4814	5039	3
4814	432	4
4814	1824	2
4814	3189	3
4814	106	7
4814	357	2
4814	3678	2
4814	1614	4
4814	3941	2
4814	4961	4
4814	1328	3
4814	3519	3
4814	2699	2
4814	4034	2
4814	1684	2
4814	4650	2
3	1344	2
3	3088	2
5032	1854	8
5032	1908	2
5032	3389	18
5032	1532	7
5032	3807	3
5032	2718	2
5032	2917	14
5032	74	7
5032	8	6
5032	4867	2
5032	1821	2
5032	3518	2
5032	1002	3
5032	4905	2
5032	4326	5
5032	585	3
5032	4568	18
5032	4528	4
5032	4122	54
5032	467	2
5032	5093	2
5032	4455	2
736	257	2
736	2546	2
1082	2284	4
1082	1382	7
1082	1377	3
1082	347	2
1082	1748	2
1082	2892	4
1082	2086	2
4025	2284	2
4025	3961	3
4025	884	2
4025	574	3
3885	992	9
3885	2126	2
3885	488	3
3885	2309	5
3885	2542	4
452	2813	2
2536	2943	3
2536	4697	6
5237	1773	3
5237	4397	2
5237	1802	10
1854	3802	2
1854	4203	3
1854	4949	3
1854	3894	4
1854	45	4
1854	1078	2
1854	3148	2
1854	836	3
1854	4091	2
1854	8	21
1854	1475	3
1854	3640	2
1854	875	3
1854	323	3
1854	200	3
1854	1238	3
1854	2170	2
1854	2456	3
1854	933	2
1854	3230	4
1854	4163	2
1854	1232	7
1854	2175	2
1854	443	2
1854	2550	2
1854	3054	3
1854	802	2
1854	1181	3
1854	4067	3
1854	3035	2
1854	538	2
1854	2872	2
1854	5216	2
1854	4945	2
657	724	2
1742	1387	3
2100	2718	12
2100	74	2
2100	91	6
2100	23	15
1774	3366	3
854	1108	5
854	5075	3
854	1086	3
2871	2984	6
2077	2236	2
2077	1958	2
3690	3250	3
3690	1441	3
3934	3960	2
3934	2496	2
3934	51	2
3934	2531	2
3934	933	2
3934	3397	2
4386	74	2
2174	441	4
2174	3807	2
2174	1360	2
2174	74	4
2174	365	3
128	5233	22
433	4825	2
433	764	12
433	35	2
2284	1382	9
2284	4160	2
2284	1360	2
2284	5131	9
2284	3270	7
2284	1309	2
2284	2918	3
2190	116	2
2190	2726	2
2190	3159	2
624	5188	11
624	2165	2
624	933	3
624	1596	22
624	2860	3
398	4931	3
398	3774	4
398	4394	3
3366	3595	5
3366	1668	2
3366	3957	4
3366	4582	4
3366	5192	4
3366	2880	4
3366	669	2
3366	1360	18
3366	4199	3
3366	2718	11
3366	2114	3
3366	3491	2
3366	4152	8
3366	5131	3
3366	4259	2
3366	364	15
3366	2303	8
3366	5224	5
3366	4241	10
3366	933	4
3366	1594	2
3366	3368	3
3366	2997	27
3366	4303	2
3366	755	2
1653	2883	3
1653	5062	2
2467	3728	4
2467	221	2
1477	2620	2
1477	4563	5
1187	2544	3
1187	2357	3
685	402	3
2517	3389	5
2517	2165	2
4097	1344	3
4097	3333	2
5085	441	3
5085	2574	2
5085	91	12
5085	3060	12
5085	1232	3
5085	2126	8
5085	3189	2
5085	4211	4
5085	3150	5
5085	4197	2
5085	2223	2
5085	3543	2
5085	3534	2
427	2083	3
427	2718	3
427	2300	2
427	72	8
427	5251	9
427	3085	3
427	2156	2
427	1959	2
427	4998	5
427	2724	4
427	26	2
3954	2516	3
775	1108	2
5022	2305	3
5022	4323	2
5022	4654	9
5022	764	3
4191	1386	7
4191	2726	2
4191	3703	3
4191	103	4
4649	3834	2
4649	1848	2
4649	4149	21
4649	4666	2
4649	1110	5
4649	4875	3
4649	4919	22
4649	2169	4
4649	3167	2
4649	3731	3
4649	4510	2
4649	1535	11
4649	1009	2
4649	1963	5
4649	2109	2
4649	4621	6
4649	3453	9
4649	4475	3
1861	5179	3
1861	1488	3
2631	2956	2
713	3243	2
2990	1360	2
515	4713	4
515	3329	3
515	1386	3
515	1377	14
515	4877	4
515	2620	4
515	884	2
515	939	4
515	3774	5
515	2305	6
515	101	3
515	3135	18
515	653	2
515	230	6
515	5181	2
515	2516	2
515	1488	2
515	4075	12
515	3055	4
515	388	4
1165	4841	4
3595	593	2
3595	1718	2
3595	4203	3
3595	3496	2
3595	3770	2
3595	4697	6
3595	2620	17
3595	4837	3
3595	2876	2
3595	4602	2
3595	2305	18
3595	8	4
3595	587	2
3595	469	3
3595	1013	14
3595	2377	6
3595	2794	3
3595	2668	2
3595	3019	5
3595	305	2
3595	1905	2
3595	1877	4
3595	1387	4
3595	2914	2
3595	1567	3
3595	92	18
3595	1302	3
3595	1176	3
3595	26	2
3595	585	3
3595	2411	4
3595	107	2
3595	2297	4
3595	2759	5
3595	285	2
3595	2767	3
3595	3199	2
3595	3381	2
231	286	7
231	1931	5
3554	5035	2
2070	3329	2
2070	1377	6
2070	3774	5
2070	3672	2
2070	587	4
2070	7	2
2070	4286	2
2070	1574	2
1668	4697	6
1668	4748	2
1668	1228	5
1668	4602	3
1668	74	2
1668	1905	2
1668	14	3
1668	1864	3
1668	1877	4
1668	5106	2
1668	1891	3
3957	2354	2
3957	1870	2
3957	3807	4
3957	2300	11
3957	3977	5
3957	4019	3
4301	2621	2
4301	4464	2
227	3116	4
4886	45	2
4886	5079	2
3798	1457	3
4713	1377	2
4713	11	2
3476	3324	2
3476	4949	2
3476	836	2
3476	1980	17
3476	3730	3
3476	1568	10
3476	4122	7
3476	4783	9
3476	1341	2
1677	474	6
1677	3834	8
1677	3728	10
1677	2177	2
1677	221	7
1677	1281	3
1677	4296	4
1677	2702	8
1677	1682	11
1677	1518	2
1677	4308	8
1677	5204	5
1677	1747	2
3960	3164	11
3960	918	6
3960	2354	11
3960	2224	5
3960	1773	16
3960	4298	4
3960	523	3
3960	3655	2
3960	4280	4
3960	4914	2
3960	912	2
3960	3574	2
3960	50	2
3960	4640	2
3960	1866	2
3960	3666	2
3960	442	2
3960	4132	4
3960	4963	2
3960	3556	2
3960	4668	3
3960	660	2
3960	4877	2
3960	3978	3
3960	4143	2
3960	3807	18
3960	1228	5
3960	1943	5
3960	2718	22
3960	1802	3
3960	45	6
3960	1530	2
3960	2114	6
3960	552	10
3960	2739	3
3960	2833	3
3960	4208	19
3960	1890	4
3960	3263	2
3960	3131	2
3960	204	2
3960	752	3
3960	648	5
3960	1078	4
3960	2305	4
3960	2917	2
3960	74	14
3960	153	11
3960	2883	6
3960	3509	15
3960	3135	2
3960	2634	11
3960	365	5
3960	4753	3
3960	364	47
3960	2574	2
3960	2504	2
3960	86	2
3960	4532	3
3960	3672	7
3960	3026	8
3960	3891	6
3960	4472	2
3960	638	2
3960	600	9
3960	3756	2
3960	1004	13
3960	2516	4
3960	527	10
3960	2590	4
3960	537	8
3960	4486	21
3960	3490	5
3960	1821	5
3960	2546	7
3960	508	4
3960	2377	2
3960	5224	15
3960	4075	2
3960	342	3
3960	5233	2
3960	35	6
3960	1303	2
3960	119	4
3960	4723	2
3960	3752	2
3960	3915	3
3960	5106	5
3960	4726	3
3960	1996	5
3960	2927	8
3960	209	2
3960	106	12
3960	4973	2
3960	2662	2
3960	169	3
3960	3262	2
3960	4574	2
3960	3397	3
3960	181	2
3960	858	4
3960	1991	3
3960	4570	2
3960	4975	8
3960	4211	2
3960	5163	2
3960	4967	2
3960	3507	5
3960	3158	4
3960	170	6
3960	2014	2
3960	570	5
3960	1369	2
3960	2230	4
3960	3066	2
3960	4390	2
3960	4500	2
2385	4995	2
2385	2491	3
2482	2556	11
1913	3179	11
1913	1108	2
1913	1086	6
4441	764	6
4441	1422	3
2153	904	4
2153	3453	7
474	904	4
474	3453	6
1411	3210	2
4490	1594	5
4325	101	4
4325	1108	2
4325	1227	2
4325	1838	3
3164	3138	2
3164	5233	2
3164	3464	2
2499	3978	2
2499	2546	2
1965	5176	6
918	4937	2
918	4160	2
918	3894	2
918	2096	2
918	4744	2
918	160	2
918	3340	2
918	5109	2
2354	2620	2
2354	552	3
2354	2739	14
2354	8	2
1458	1382	2
1458	897	2
1458	2224	2
1458	4858	2
1458	689	3
1458	2790	3
1458	4937	3
1458	3389	2
1458	1866	4
1458	3772	4
1458	1889	2
1458	3261	3
1458	4170	2
1458	4697	6
1458	883	5
1458	669	2
1458	4265	2
1458	1228	23
1458	3769	3
1458	3394	10
1458	4412	2
1458	1143	19
1458	4340	18
1458	2739	7
1458	3761	3
1458	1281	4
1458	1144	2
1458	4381	2
1458	902	17
1458	3509	4
1458	3721	5
1458	3135	2
1458	4091	3
1458	764	4
1458	3132	2
1458	540	5
1458	1196	2
1458	4472	10
1458	91	2
1458	0	7
1458	2470	4
1458	58	4
1458	1004	5
1458	3565	3
1458	511	2
1458	116	2
1458	3530	2
1458	2096	7
1458	464	2
1458	4105	16
1458	1613	15
1458	3583	4
1458	3903	3
1458	78	2
1458	4360	3
1458	910	4
1458	4146	3
1458	2726	10
1458	453	2
1458	3923	2
1458	1926	3
1458	1519	2
1458	5251	2
1458	3457	2
1458	4094	2
1458	2418	16
1458	5125	4
1458	613	4
1458	1705	2
1458	4087	4
1458	1184	6
1458	2327	2
1458	4195	3
1458	1404	3
1458	4712	3
1458	4778	5
1458	4736	2
1458	3125	7
1458	169	2
1458	3710	6
1458	4641	11
1458	2934	4
1458	1162	3
1458	2399	5
1458	1310	2
1458	658	2
1458	3868	13
1458	2414	2
1458	3703	5
1458	1314	16
1458	5134	2
1458	4230	2
1458	4122	13
1458	4446	4
1458	3623	2
1458	4180	15
1458	1229	2
1458	1333	5
1458	3288	8
1458	4211	7
1458	2433	10
1458	3776	19
1458	3671	3
1458	3282	3
1458	3113	11
1458	1987	12
1458	1708	2
1458	936	4
1458	3592	2
1458	1622	3
1458	3988	6
1458	738	2
1458	2510	2
1458	3540	3
1458	4589	3
1458	1925	3
1458	4947	2
1458	1615	3
1458	2479	2
1458	3015	3
1458	4076	6
1458	1544	2
1458	2530	2
1458	719	2
1458	2866	2
1458	4810	2
1458	1155	2
2302	3186	2
2302	2544	6
2302	902	2
2302	195	3
2302	2047	5
2302	506	2
2302	2840	3
2302	1629	2
2302	2008	4
2302	3674	2
2302	4334	2
2302	4173	2
2302	2357	3
2302	1254	3
2302	1137	2
2302	1426	3
1344	2847	37
1344	1848	8
1344	1716	2
1344	4875	13
1344	2169	3
1344	3426	4
1344	2342	8
1344	1634	2
1344	3088	3
1344	477	5
1344	4792	8
1344	3333	8
1344	4151	3
1344	2390	7
1344	2096	3
1344	1613	4
1344	3492	10
1344	4841	7
1344	4778	3
142	1383	2
1382	3884	2
1382	1923	2
1382	3888	2
97	1701	2
97	1564	2
4341	2403	8
4341	3584	2
2847	1716	2
2847	4875	2
2847	2342	2
2847	4724	23
2847	5001	2
2847	8	6
2847	3333	3
2847	2390	2
2847	3492	6
4582	3985	4
4582	4919	2
4582	2621	4
4582	3556	8
4582	2518	7
4582	3894	2
4582	4464	8
4582	477	5
4582	4613	2
4582	5245	2
4582	4628	2
4582	152	2
4582	2715	5
4582	933	55
905	1009	2
2556	3774	2
2556	230	3
2556	666	2
2556	3243	2
2556	2765	3
4695	3457	2
4695	545	3
4695	3010	2
4695	2309	5
4695	2542	4
1272	5016	2
3834	1848	15
3834	239	2
3834	2465	3
3834	4776	2
3834	4919	6
3834	2169	9
3834	2316	2
3834	2518	4
3834	4732	2
3834	1827	11
3834	2249	2
3834	1518	16
3834	1025	7
3834	1613	12
3834	2109	7
3834	933	3
1848	2465	2
1848	4914	4
1848	1716	3
1848	2169	39
1848	3770	4
1848	3249	2
1848	2853	2
1848	304	2
1848	2005	2
1848	3263	3
1848	477	6
1848	2305	10
1848	802	2
1848	1962	2
1848	634	2
1848	2574	8
1848	4867	4
1848	2096	8
1848	1025	20
1848	1613	101
1848	36	9
1848	910	4
1848	2109	5
1848	4146	12
1848	4778	4
1848	4945	2
3728	4296	4
3728	875	5
3728	1682	11
3728	4308	17
3728	4498	4
3728	1554	4
3728	4841	2
2674	4235	2
222	4149	3
2161	1842	2
644	1627	2
1098	1383	4
1098	4437	2
5176	2620	3
5176	2113	2
5176	1025	2
5176	1613	4
5176	1176	13
5176	5004	2
5176	4211	4
2224	1773	2
2224	2739	2
2224	3774	3
2224	5131	2
2224	531	3
2224	365	2
2224	8	2
2224	1962	2
2224	2262	3
2224	1004	2
2224	3289	2
2224	2549	4
2224	4723	6
2224	3351	2
1062	1773	14
1062	1802	10
1062	2883	2
1062	8	2
1062	5062	2
1062	506	10
5120	1773	7
5120	1802	10
5120	2883	2
5120	5062	2
5120	506	6
3429	1575	2
3032	3350	2
2177	943	5
2943	1975	2
2943	525	2
1419	7	2
1773	4397	2
1773	4724	3
1773	1802	3
1773	2739	2
1773	1975	4
1773	5001	3
1773	8	5
1773	174	3
1773	506	26
1773	3127	2
3985	2778	7
1501	2300	10
3250	3983	2
888	2992	3
888	4745	2
4298	7	2
3361	4397	3
3361	2876	7
3361	3392	3
3210	2282	2
3210	3201	5
2925	2574	15
2925	2096	13
2925	4543	7
2925	1613	6
2925	4146	7
4410	3099	2
4931	3329	3
4931	884	9
4931	4323	2
4931	4394	2
4931	3135	3
4931	587	2
4931	1008	2
4931	1799	5
4931	2668	3
4931	4075	3
3050	5244	2
3050	1931	2
662	4095	2
2340	3672	2
2340	2377	3
4844	2775	3
3775	1252	4
2373	3389	2
2373	5188	7
2373	4583	3
2373	0	2
2373	1488	2
2373	4158	33
2373	3205	7
2373	4587	3
2373	2889	2
2373	4249	3
2373	1331	2
2373	2426	4
2373	3979	2
2373	3732	5
2373	2765	2
2373	46	4
2373	1601	3
2373	291	2
2373	2526	3
2373	470	2
5161	884	2
1701	74	3
523	0	2
2471	3875	2
2471	1889	9
2471	2739	2
2471	4329	6
2471	3999	2
2465	3468	4
2465	2169	3
2465	37	6
2465	2109	3
1500	5204	7
3324	2080	11
3324	5016	2
3324	912	2
3324	3316	3
3324	50	2
3324	1377	4
3324	4160	2
3324	2620	3
3324	3807	3
3324	1683	2
3324	1228	2
3324	2718	2
3324	884	4
3324	2739	2
3324	2376	2
3324	3774	2
3324	3935	2
3324	1888	3
3324	3860	2
3324	4583	3
3324	4569	6
3324	764	4
3324	230	4
3324	1150	3
3324	2504	3
3324	4492	2
3324	2849	2
3324	2445	2
3324	568	2
3324	1580	3
3324	1609	8
3324	587	3
3324	3243	8
3324	2788	5
3324	2516	2
3324	1488	3
3324	1013	5
3324	527	2
3324	1781	3
3324	1613	4
3324	2715	2
3324	4618	5
3324	36	2
3324	1135	2
3324	1041	2
3324	17	5
3324	5140	6
3324	2649	2
3324	1185	6
3324	1574	24
3324	1519	10
3324	3206	15
3324	751	3
3324	4987	3
3324	4094	2
3324	2017	2
3324	119	7
3324	2892	9
3324	4353	2
3324	4726	2
3324	1232	3
3324	1931	3
3324	3171	3
3324	3483	3
3324	1720	3
3324	2143	2
3324	3637	2
3324	1333	2
3324	4049	2
3324	1897	2
3324	2602	2
3324	3054	2
3324	3784	2
3324	3980	2
3324	2837	2
3324	1591	2
3324	2211	4
3324	1925	2
3324	5097	2
3324	4234	2
3655	74	10
3655	153	2
3655	1480	2
4280	2574	2
2080	17	2
3194	416	2
2029	3205	2
878	601	8
878	2744	2
3468	37	3
4149	1716	3
4149	4875	4
4149	2003	3
4149	4865	4
4149	1535	15
4149	3341	7
4149	1009	10
4149	1963	4
4149	989	2
4149	3453	9
2773	3207	2
2773	1084	2
2773	7	2
2773	342	2
2773	3531	2
2773	466	2
2773	1094	2
2773	3170	2
2773	4226	2
2773	3056	2
2773	2253	3
2773	2823	2
2773	1431	2
494	165	2
494	477	2
5016	3761	3
5016	656	4
3254	710	5
1469	1300	4
3864	2700	4
3864	2069	2
1908	237	2
4858	3026	2
257	2546	3
257	975	2
995	391	2
995	5208	3
995	752	7
995	3774	3
995	74	39
995	4394	3
995	2893	2
995	2516	6
995	4618	4
995	1739	3
995	1799	5
995	407	4
4022	752	2
4022	74	13
4022	1799	4
5105	752	2
5105	74	6
5105	4394	2
458	5094	2
458	3574	6
458	80	10
458	3894	3
458	3263	6
458	1281	3
458	1441	2
458	1109	2
458	4732	19
458	2504	6
458	3640	3
458	1580	2
458	5147	3
458	3714	2
458	293	2
458	880	2
458	5140	2
458	2649	3
458	3817	3
458	716	2
458	3225	2
458	3383	4
458	1931	4
458	5080	2
458	2996	2
1096	2518	2
165	4919	2
165	4792	3
165	3667	6
165	3116	11
165	434	3
165	2390	11
165	3492	10
165	4841	3
165	2442	2
4914	3769	2
4914	365	19
3327	3329	2
3327	4569	6
3327	1173	2
2407	4397	3
2407	1802	8
2407	2883	8
2407	472	2
2407	855	5
1235	1377	2
2188	2982	2
2188	1555	2
5094	1377	5
5094	100	3
5094	3774	2
5094	902	2
5094	230	2
5094	1962	5
5094	587	2
5094	7	3
5094	5140	2
5094	961	2
5094	2649	22
5094	2668	2
5094	2892	4
5094	3264	2
5094	2015	9
5094	3235	3
4437	101	2
4437	2700	2
345	2883	2
345	5011	3
2176	679	3
622	3099	3
3961	4590	3
3961	2518	2
3961	5131	22
3961	3270	3
3961	1309	2
3961	1446	3
3574	1180	9
3574	4919	2
3574	3249	2
3574	2714	3
3574	2276	13
3574	3042	4
3574	1281	3
3574	477	3
3574	4865	9
3574	1109	2
3574	1880	7
3574	1199	6
3574	3640	2
3574	1238	4
3574	1168	3
3574	4805	4
3574	3817	2
2826	3666	3
2826	552	16
2826	1002	4
2826	4954	5
2826	2423	4
2826	2934	9
2972	2718	3
2972	2300	2
2972	72	5
2972	5251	2
2972	3085	2
2972	2156	2
2972	1959	2
2972	26	2
4672	2794	3
4672	2994	3
4666	1110	9
4666	4919	5
4666	4732	4
4666	2658	2
4666	2109	29
4666	933	6
4215	1889	2
689	1106	2
689	1613	2
1110	4919	11
1110	2276	2
1110	477	2
1110	2658	2
1110	2109	22
1110	2443	2
2083	4998	2
4887	2377	5
4887	4240	3
438	1456	2
438	4397	6
438	1802	3
438	1975	2
438	2883	7
438	472	3
438	855	9
438	598	2
438	5062	6
1180	2276	2
1180	477	2
1180	4865	5
1180	1109	2
50	5087	2
50	1135	2
5192	883	4
5192	860	6
5192	3270	3
5192	2634	3
5192	3204	3
5192	5106	10
5192	4380	2
5192	585	6
5192	4598	2
5192	885	5
5192	3890	2
5192	577	2
4937	2574	3
4937	2126	2
1844	4452	4
1085	230	5
4893	2620	3
4893	101	8
4893	230	3
4893	1758	8
4893	2163	4
1716	4875	2
4776	4919	6
4776	2169	8
4776	4367	7
4776	2276	2
4776	477	2
4776	1575	2
4776	1613	8
4776	2109	3
4776	1834	2
4776	3405	4
2812	2518	2
2812	2531	2
797	434	3
797	4977	2
3186	5118	4
3186	3139	3
2323	4170	2
2323	2518	5
2323	933	5
3329	1377	6
3329	2620	3
3329	3079	2
3329	884	4
3329	3774	5
3329	1888	3
3329	230	2
3329	1044	2
3329	1962	2
3329	3243	2
3329	7	2
3329	1185	3
3329	2635	2
3329	1803	2
221	2504	2
678	1928	17
678	4583	2
532	2876	9
1305	3892	2
1072	1377	6
1072	587	3
1072	2516	2
4046	93	2
1106	288	11
1106	98	10
1106	764	3
1106	1065	3
1106	3813	2
1106	1613	4
1106	43	4
1106	4389	5
1702	682	4
3924	3966	5
4875	4919	4
4875	8	2
1866	94	2
702	4143	2
702	2331	2
3496	1613	2
5114	4949	2
5114	933	2
5114	4670	3
5114	4142	3
5114	1834	3
4244	4330	3
4244	2546	2
1090	1889	2
1090	724	3
47	896	2
47	1692	12
3142	1009	19
2880	1393	4
2880	752	3
3099	1456	2
3099	4668	16
3099	4697	5
3099	411	2
3099	764	15
3099	2885	3
3099	3057	3
3099	2600	2
3099	1446	4
3099	966	3
3099	4115	3
1386	1890	2
1386	2305	13
1386	1252	2
1386	2445	2
1386	587	5
1386	2470	2
1386	2541	2
1386	1574	7
4919	2169	9
4919	2518	3
4919	2005	3
4919	1962	2
4919	634	3
4919	1309	2
4919	3333	9
4919	3116	11
4919	1147	4
4919	37	2
4919	4151	7
4919	3341	4
4919	1327	2
4919	4996	2
4919	2390	6
4919	2658	3
4919	281	2
4919	1584	2
4919	1613	10
4919	1963	6
4919	4013	7
4919	2109	21
4919	2442	2
4919	933	3
4919	3332	2
4131	3769	12
4131	5001	2
3179	1108	8
3179	1086	10
2169	2853	5
2169	4949	4
2169	2276	7
2169	1144	2
2169	4792	3
2169	4956	6
2169	1104	2
2169	1025	24
2169	1613	30
2169	910	4
2169	2109	3
2169	4146	5
2169	83	3
3875	724	3
3875	3675	2
2154	2013	2
2154	1387	4
2154	135	3
1377	338	2
1377	884	20
1377	3182	2
1377	2852	2
1377	3774	6
1377	2305	5
1377	4323	2
1377	3135	9
1377	4492	4
1377	2966	4
1377	587	41
1377	3243	3
1377	1284	2
1377	2516	33
1377	1488	2
1377	988	4
1377	1135	3
1377	3825	2
1377	2794	2
1377	4463	2
1377	4075	9
1377	751	2
1377	3085	5
1377	4850	4
1377	1567	2
2804	1981	7
2804	634	3
2296	2531	5
2296	933	3
1981	1651	6
1981	4152	4
1981	525	6
1981	4019	2
1981	5106	5
1981	924	2
5065	4654	4
1760	2668	4
2621	1424	2
2621	2406	6
2621	1238	2
2621	2109	3
2621	1095	3
2621	933	18
4590	3205	4
1034	72	2
1034	5251	2
3153	669	2
3153	74	2
3737	4841	6
3770	2276	19
3770	477	9
3770	4865	9
3770	101	2
3770	1962	3
3770	2445	2
3770	1025	5
3770	891	17
3770	184	2
3770	880	3
3770	4775	3
3770	4805	42
3770	377	4
3770	1033	2
3770	957	2
66	3473	2
1889	3871	3
1889	2026	3
1889	894	6
1889	4546	2
1889	2883	2
1889	2574	2
1889	4227	2
1889	724	13
1889	5233	2
1889	4538	2
1889	3127	2
1889	4453	2
4468	2181	3
3666	2634	6
3666	4867	2
3666	4204	2
2316	933	3
2181	724	3
441	1907	2
441	3769	4
441	1985	3
2006	3769	12
2006	847	3
2403	4307	2
2403	224	5
338	884	4
2264	18	3
2264	1941	2
2264	3575	2
2264	4884	3
1907	752	2
1907	74	5
1907	365	3
1907	764	2
1907	877	2
1907	4867	2
3249	2276	2
3249	477	4
3249	1025	16
3249	4543	4
1267	2318	5
1267	3789	3
1600	3807	3
5207	3755	3
5207	5011	2
5207	1580	2
5207	4486	15
5207	4759	2
1514	4378	2
1514	3870	2
1514	1615	2
4963	887	15
4963	2352	2
4963	1876	2
4963	214	2
4963	4892	3
1456	2883	2
1456	5062	2
2899	1802	2
2899	855	2
2899	114	2
2899	1307	2
2899	4730	2
4397	2850	2
4397	750	2
4397	1802	15
4397	2883	4
4397	2623	2
4397	4133	2
4397	3647	2
4397	472	12
4397	2396	2
4397	1447	2
182	992	2
182	2745	2
182	2462	8
3207	1799	2
812	1584	3
812	4286	6
2850	472	10
1526	1475	2
2360	74	2
2714	4865	11
2714	2078	7
2714	4805	2
3871	724	3
1152	342	2
4070	3579	3
4070	416	3
5175	3579	8
5175	4793	2
5175	2744	15
2486	3667	3
3580	1802	18
3580	2883	5
3580	5062	2
5021	506	2
4170	3556	3
4170	2718	16
4170	552	10
4170	2739	12
4170	4208	2
4170	4136	2
4170	2305	2
4170	764	3
4170	877	4
4170	3026	3
4170	323	9
4170	237	4
4170	508	2
4170	17	3
4170	423	3
4170	209	2
4170	2724	3
4170	4036	5
3556	2518	22
3556	2406	2
3556	3620	11
3556	2546	3
3556	933	3
3556	5155	2
2518	3978	3
2518	3894	4
2518	1943	5
2518	2718	2
2518	45	17
2518	552	6
2518	2739	42
2518	4208	7
2518	4423	2
2518	1975	3
2518	4136	3
2518	1078	3
2518	2300	3
2518	2305	7
2518	4613	3
2518	3721	6
2518	764	32
2518	877	3
2518	3026	5
2518	4867	2
2518	587	5
2518	875	2
2518	323	4
2518	638	4
2518	116	16
2518	237	5
2518	508	2
2518	36	4
2518	4245	2
2518	17	3
2518	2649	2
2518	3440	2
2518	1850	4
2518	3225	2
2518	861	2
2518	2457	2
2518	2860	3
1826	2627	6
2227	1108	2
2227	2069	11
4550	1642	2
4550	2463	2
3356	3332	2
4635	3300	3
4372	4638	2
4668	3769	2
4668	3894	8
4668	2718	33
4668	2739	4
4668	752	4
4668	2916	2
4668	1078	2
4668	2917	2
4668	74	7
4668	2883	2
4668	3509	17
4668	3721	2
4668	365	3
4668	764	19
4668	3977	2
4668	3057	3
4668	2574	4
4668	3138	2
4668	4496	2
4668	4335	4
4668	3921	3
4668	2096	3
4668	4543	3
4668	3289	18
4668	2617	3
4668	1781	3
4668	1821	2
4668	1446	2
4668	453	3
4668	4224	2
4668	3332	5
4668	2423	3
4668	3085	2
4668	35	3
4668	4329	8
4668	5098	3
4668	337	2
4668	3811	2
4668	2618	11
4668	2934	9
4668	1162	2
4668	2414	17
4668	4211	2
4668	3282	2
4668	3525	3
4668	2583	4
4668	1987	7
4668	3988	3
4668	3437	2
4668	2209	3
4668	3596	3
4668	330	3
4697	2718	7
4697	2739	5
4697	3721	8
4697	365	2
4697	764	2
4697	1309	2
4697	3921	2
4697	3332	2
4697	4115	2
4697	5098	2
4697	1920	2
4697	723	2
4697	2618	5
4697	2414	14
4697	536	2
2865	2739	3
943	1535	3
1424	4464	2
1424	1255	2
2342	2390	6
2853	477	2
2853	2390	2
2853	4841	2
2447	2096	3
5055	4689	13
5055	1207	4
2406	2718	22
2406	981	4
2406	562	2
2406	4036	5
2406	3561	2
2406	2860	2
3620	2739	5
3620	3026	4
3620	817	2
3008	5179	2
38	891	3
750	2623	5
750	472	3
750	342	2
3665	45	3
3665	5079	2
5145	2436	2
5145	4318	2
4877	4724	2
4877	1227	2
4877	323	2
4877	1185	3
4877	1209	3
4160	74	2
4160	279	2
4160	4335	6
4160	3817	14
4160	5244	6
4160	4574	2
4160	3736	16
3835	551	4
3835	4899	2
588	3921	4
2620	4724	7
2620	230	2
2620	4563	7
2620	1962	3
2620	1575	2
2620	78	3
1275	4563	2
1275	2069	3
1336	933	3
1336	2789	3
1336	5232	2
4724	552	3
4724	2739	3
4724	764	3
4724	3977	10
4724	2574	2
4724	2096	16
4724	1025	2
4724	72	2
4724	1821	4
4724	36	3
4724	3923	2
4724	2032	2
4724	2685	2
80	1109	2
80	1199	4
80	1238	10
1928	3038	6
1928	1505	2
1928	3212	18
5188	1613	9
2544	4143	2
2544	204	5
2544	3144	2
2544	971	3
3978	2574	2
3978	4469	2
3978	3756	2
3978	2096	4
3978	4723	6
3198	3333	3
3348	4531	3
669	3807	3
669	884	3
669	2300	2
669	74	4
669	634	2
669	1985	2
4265	2377	2
3807	365	2
3807	4486	7
3807	2423	2
3807	4329	4
2453	3243	2
4489	3845	2
276	4151	4
1683	4296	2
1683	4043	2
3465	2668	2
3465	305	3
3465	1777	2
4110	174	2
3079	3769	14
3079	884	5
3079	1573	2
3079	4569	17
3079	587	2
3079	3243	7
3079	2247	2
3079	4744	2
3079	1584	7
3079	2715	2
3079	1041	4
3079	3489	4
3079	2240	3
3079	4434	2
3079	564	2
3079	5197	5
3079	3575	3
3079	4653	9
3079	1239	3
3079	934	8
3079	1807	3
3079	3522	9
3079	1484	2
4086	1890	2
4086	587	5
4086	933	15
4086	580	3
4086	4653	8
4086	3168	2
4086	2015	6
4086	3522	8
4086	2622	2
1360	4199	5
1360	2305	5
1360	4394	2
1360	2504	2
1360	977	2
1360	4151	8
1360	875	5
1360	2396	3
1360	4237	2
1360	2096	9
1360	1613	2
1360	3688	2
1360	1877	4
1360	92	3
1360	2411	2
1360	2691	2
1360	3713	2
1360	4220	2
4949	4199	2
4949	552	2
4949	2300	5
4949	902	2
4949	3509	6
4949	8	2
4949	5245	2
4949	2901	3
4949	634	2
4949	3977	4
4949	1942	3
4949	1839	2
4949	563	2
4949	2382	8
4949	1238	3
4949	4158	4
4949	865	2
4949	1739	2
4949	4463	3
4949	1801	5
4949	747	2
4949	1232	3
4949	803	2
4949	4670	13
4949	2175	3
4949	4769	6
4949	5039	8
4949	3513	2
4949	4691	2
4949	4725	3
4949	1834	8
4949	2009	3
4949	2563	2
4949	2067	2
4949	3599	4
4949	1201	4
4949	1333	4
4949	158	4
4949	4211	6
4949	2433	3
4949	3654	6
4949	2555	3
4949	4378	21
4949	5081	17
4949	3687	2
4949	4783	3
4949	3054	5
4949	2975	2
4949	2136	2
4949	4589	4
4949	4283	7
4949	2986	2
4949	1467	2
4949	2325	4
4949	3315	2
4949	1159	2
4949	569	3
4949	1001	3
4949	1615	3
4949	2895	3
4949	5168	2
4949	1014	2
4949	646	2
4949	1482	6
3812	160	6
1228	5001	3
4041	1721	2
3769	1943	2
3769	860	7
3769	45	3
3769	2833	4
3769	1975	2
3769	5243	15
3769	4381	2
3769	1078	2
3769	5026	2
3769	2917	6
3769	153	7
3769	5201	2
3769	836	4
3769	1252	3
3769	1534	3
3769	191	3
3769	2476	4
3769	364	7
3769	180	4
3769	2504	2
3769	1980	2
3769	2757	2
3769	1775	2
3769	1580	15
3769	91	10
3769	2470	2
3769	4237	2
3769	3493	24
3769	2027	2
3769	4105	32
3769	3358	5
3769	2867	2
3769	3863	4
3769	1606	2
3769	17	4
3769	2794	6
3769	3156	9
3769	1049	6
3769	3060	5
3769	4813	5
3769	4987	2
3769	4688	4
3769	3001	7
3769	3964	2
3769	4115	3
3769	1003	5
3769	2721	12
3769	3817	22
3769	554	4
3769	2283	2
3769	3200	5
3769	3422	8
3769	4195	2
3769	935	2
3769	5039	2
3769	2313	8
3769	903	2
3769	4691	3
3769	106	12
3769	92	2
3769	4326	2
3769	2732	4
3769	3424	3
3769	3524	3
3769	26	7
3769	2033	2
3769	2725	16
3769	2009	4
3769	3824	3
3769	858	2
3769	1991	4
3769	3920	4
3769	2835	6
3769	4264	5
3769	443	13
3769	2694	3
3769	1189	4
3769	1333	8
3769	2633	16
3769	2433	14
3769	1897	5
3769	3081	14
3769	1317	6
3769	70	8
3769	4943	3
3769	2583	2
3769	3105	4
3769	2483	2
3769	1626	10
3769	847	3
3769	381	6
3769	1057	2
3769	2667	2
3769	3678	2
3769	3409	2
3769	2806	5
3769	1692	2
3769	2245	2
3769	720	2
3769	1328	2
3769	654	6
3769	839	4
3769	1414	2
3769	2503	2
3769	3308	2
3769	1300	2
3769	2991	3
4199	3894	6
4199	860	6
4199	2718	3
4199	4837	2
4199	228	2
4199	4171	2
4199	2305	2
4199	4654	7
4199	1888	4
4199	74	9
4199	3270	3
4199	365	2
4199	991	2
4199	3204	3
4199	992	3
4199	3579	2
4199	3063	6
4199	2013	3
4199	587	4
4199	0	4
4199	2248	7
4199	4237	8
4199	1510	4
4199	278	2
4199	1013	6
4199	988	2
4199	547	2
4199	5084	2
4199	3583	2
4199	160	3
4199	36	2
4199	4309	2
4199	293	4
4199	4841	7
4199	4502	3
4199	3076	2
4199	2668	7
4199	3019	4
4199	3085	2
4199	1409	2
4199	1935	2
4199	1905	6
4199	14	3
4199	6	4
4199	613	2
4199	1130	3
4199	5132	2
4199	1459	4
4199	1877	4
4199	1709	3
4199	3817	12
4199	5106	2
4199	2889	2
4199	3651	6
4199	1891	3
4199	2126	2
4199	727	2
4199	1724	4
4199	1567	4
4199	4811	4
4199	92	5
4199	4736	4
4199	3780	2
4199	3125	3
4199	5002	2
4199	1302	4
4199	23	30
4199	169	2
4199	680	3
4199	1218	4
4199	1097	5
4199	2320	2
4199	4002	2
4199	4821	4
4199	4638	8
4199	773	4
4199	585	10
4199	3970	3
4199	2411	3
4199	4318	4
4199	1843	5
4199	2765	3
4199	4162	7
4199	4711	2
4199	2399	3
4199	2108	2
4199	3481	2
4199	3282	6
4199	2583	4
4199	2691	3
4199	1579	2
4199	3676	3
4199	162	5
4199	1430	2
4199	813	4
4199	5100	2
4199	1140	2
4199	3391	2
4199	726	6
4199	2809	2
4199	2184	3
4199	2309	5
4199	3940	3
4199	4651	2
4199	1585	2
4199	3066	3
4199	1601	2
4199	2767	4
4199	4925	3
4199	5135	2
4199	4431	6
4199	258	2
4199	4945	2
4199	4328	5
4199	1794	2
4199	2173	2
3894	3289	4
3894	4486	8
3894	4329	3
3894	1636	14
1560	587	24
1943	860	2
288	764	2
288	1613	4
288	43	6
2671	1548	2
2149	3074	3
2149	2198	2
884	3774	19
884	5179	2
884	3672	3
884	7	9
884	1584	9
884	4286	6
884	988	5
884	1135	2
884	1185	8
884	1574	7
884	4183	5
884	2992	3
884	1164	2
1802	1089	2
1802	472	2
1802	927	4
1802	174	3
1802	506	19
2276	2005	4
2276	477	9
2276	4865	11
2276	1109	2
2276	634	3
2276	1880	2
2276	3333	7
2276	4628	2
2276	4151	2
2276	2390	2
2276	1025	2
2276	880	4
2276	4805	7
2276	2442	2
2276	2187	2
2276	3594	4
3394	1143	2
3394	1089	3
3394	1580	9
3394	2854	3
3394	2096	5
3394	3289	2
3394	2382	2
3394	554	2
3394	4182	2
304	2574	4
304	2096	8
3042	4865	10
3042	4805	2
4358	5218	3
4358	855	3
4358	3513	4
4358	1807	2
45	2165	17
45	2300	4
45	74	2
45	875	12
45	3903	4
45	1238	2
45	2636	3
4567	187	2
343	4615	4
343	2801	4
5218	3774	3
5218	587	2
3334	2917	2
167	764	2
1530	5013	2
5078	5140	2
5078	2636	3
2114	2300	4
2114	3977	6
2114	4335	26
2114	3756	2
2114	423	3
2114	4380	2
2114	2126	4
2114	4204	2
2114	3282	6
2114	3015	2
4412	764	8
627	3066	5
1545	2436	2
1545	2477	2
2118	587	2
422	1459	5
2878	101	3
552	2739	7
552	2574	2
552	2096	2
552	933	4
2005	477	2
2005	1147	3
2005	5049	3
2005	3492	2
2005	83	3
1143	2854	2
1143	2096	2
1143	3451	3
2244	2109	2
3216	1488	2
2212	3585	5
2212	3332	5
370	1538	2
4464	1095	3
4464	933	25
2739	3977	3
2739	72	2
2739	506	3
2833	2430	3
5208	3131	2
5208	153	3
5208	2964	2
4379	2489	5
4379	104	3
2876	1890	2
2876	1392	8
2876	4152	17
2876	2305	3
2876	2917	26
2876	3509	46
2876	4259	5
2876	3721	15
2876	364	26
2876	2040	11
2876	3959	2
2876	1025	2
2876	2745	29
2876	5079	7
2876	3074	4
2876	1120	4
2876	4104	2
2876	314	2
2876	3968	3
2876	1831	3
2876	1789	2
2876	2502	6
3454	1074	2
4208	2531	2
2165	323	7
2165	3744	10
2165	3002	4
2165	2864	4
3491	4569	2
3491	2248	2
3491	4237	16
3491	4105	2
3491	3583	2
3491	1409	2
3491	1905	2
3491	14	3
3491	1877	4
3491	1387	7
3491	1891	3
3491	23	15
3491	585	2
3491	2725	6
3491	1162	4
3491	4162	2
3491	1896	2
3491	2460	2
3491	2691	2
3491	1691	2
3761	764	29
3761	3132	5
3761	278	3
3761	2122	6
2404	4320	2
2404	3693	2
2852	1888	2
2852	446	3
2852	1135	6
2852	3141	4
1890	4654	6
4817	3667	2
4817	5024	2
3263	4087	3
3263	3054	2
3263	4573	3
3263	607	2
3263	1077	2
3263	1925	4
3263	3582	2
4272	4478	2
4602	3921	2
1521	933	3
3131	2531	27
3131	2504	2
3715	2531	4
4507	1962	2
683	74	2
683	1580	2
683	2113	3
683	91	2
683	1996	2
683	1176	4
683	4921	2
1392	2917	6
3036	3243	2
1355	4510	2
510	2512	2
510	4750	2
752	74	5
752	153	5
752	4492	5
2330	3332	2
4541	764	3
4541	4496	3
4541	5140	2
4541	2649	11
4541	4276	2
4541	4594	2
4541	2143	6
4152	634	6
4152	3977	48
4152	4867	4
4152	2788	18
4152	2745	2
4152	3232	2
4152	4714	3
4152	3571	4
4152	1151	9
2848	423	2
2848	2126	3
2848	4565	3
454	2574	7
454	2096	2
492	3753	2
492	3493	3
492	1387	2
492	3612	3
492	4781	5
492	2056	2
492	1761	2
1835	4241	3
477	4865	3
477	3333	3
477	3124	2
477	3116	15
477	1609	2
477	4511	2
477	2390	5
477	2658	2
477	1025	6
477	3184	2
477	1168	8
477	880	12
477	2109	4
477	2119	13
477	4805	14
477	2442	8
477	4750	2
2496	2700	2
2496	3662	2
2030	5233	3
1144	1232	3
1144	3189	2
3224	3243	2
98	779	2
98	4703	2
3458	1888	2
3458	1962	2
3458	1021	2
3458	503	5
4123	4241	3
2838	3116	5
648	2531	7
648	933	11
2920	1888	3
5243	4732	2
5243	1199	2
5243	2128	3
5243	4194	2
1899	3350	2
1899	741	2
3755	52	3
3755	1005	6
3774	2305	11
3774	4323	8
3774	4654	2
3774	101	3
3774	4394	2
3774	3135	6
3774	1962	4
3774	3672	3
3774	2318	3
3774	587	4
3774	7	2
3774	1584	2
3774	1574	2
3774	1008	4
3774	1799	12
3774	4075	4
3935	3204	4
3935	1150	2
3935	4618	6
3935	3007	2
3935	1574	10
3935	2892	2
3935	2143	6
3935	701	2
3935	4908	2
3935	4049	2
3935	3980	2
1078	2300	2
1078	3026	3
1078	875	3
1078	2636	2
1078	4737	2
4262	4768	5
2300	323	15
2300	3597	3
403	5179	4
4865	1109	4
4865	1880	49
4865	79	3
4865	2390	2
4865	4805	18
5131	74	12
5131	153	8
5131	22	4
5131	4237	3
5131	4105	6
5131	453	2
5131	2649	4
5131	1574	4
5131	4276	3
5131	1663	2
5131	3401	8
5131	4478	5
5131	1871	2
5131	1302	3
5131	4983	3
5131	2309	16
5131	4278	2
5131	3859	2
5131	4	3
5131	4770	2
902	587	2
902	1488	2
2305	101	3
2305	230	4
2305	587	2
2305	1838	2
2305	1799	5
4792	3492	3
802	875	4
802	2636	2
4323	4654	2
4323	101	2
4323	4394	2
4654	4766	3
4654	587	25
4654	3243	11
4654	2470	14
4654	2715	9
4654	4502	2
4654	4075	3
4654	3457	12
4654	580	3
4654	2073	2
4654	1142	2
4654	2015	6
4654	1881	3
4654	388	7
4654	1559	2
2888	143	3
5026	2126	2
1888	2516	2
1888	1488	3
1888	1584	2
1888	2765	3
2087	4436	2
2087	1310	11
5051	4867	2
5051	1741	8
5051	1025	2
5051	5084	2
5051	1923	3
5051	3964	15
5051	1841	11
5051	3058	2
5051	1489	2
101	653	4
101	2700	3
101	4563	2
101	41	2
101	1227	2
101	2069	2
101	1838	3
101	1086	9
101	2794	4
101	4689	3
101	4974	2
2917	3509	8
2917	364	2
2917	2040	4
2917	5079	3
74	153	20
74	1222	2
74	4766	2
74	1580	3
74	4671	3
74	469	3
74	3060	2
74	4778	4
4271	3074	5
153	2531	20
153	3020	5
153	2504	2
153	575	7
195	365	2
195	4867	2
195	4158	2
195	1806	3
195	5118	6
195	4326	4
195	4528	5
195	4122	11
5201	1446	2
550	2883	4
550	397	2
550	2109	2
550	4621	2
3270	764	4
2531	2883	2
2531	3721	16
2531	3135	4
2531	365	2
2531	364	2
2531	2504	2
2531	4532	3
2531	3672	5
2531	5011	2
2531	3026	3
2531	2262	2
2531	3243	3
2531	1200	2
2531	638	2
2531	600	9
2531	3921	12
2531	4237	3
2531	1004	2
2531	3565	2
2531	2516	3
2531	1510	5
2531	2617	4
2531	4105	22
2531	2590	4
2531	537	2
2531	1821	3
2531	2546	2
2531	4124	8
2531	5224	4
2531	3463	5
2531	3923	4
2531	3156	3
2531	5233	2
2531	4094	2
2531	1303	2
2531	4723	3
2531	3915	3
2531	1003	7
2531	5106	5
2531	2889	2
2531	4726	2
2531	5069	3
2531	1996	2
2531	1306	2
2531	209	3
2531	4811	2
2531	3397	4
2531	2399	3
2531	3800	2
2531	4204	2
2531	5163	4
2531	3507	5
2531	3687	15
2531	3676	6
2531	3158	4
2531	3259	9
2531	3015	2
2531	5093	2
2531	4500	2
1776	3633	7
11	5140	8
11	2668	2
11	2545	2
3148	1880	9
3148	7	2
2883	506	3
3509	160	37
3339	4732	3
5001	3753	2
5001	91	2
557	3057	3
557	3921	2
557	1446	4
557	17	2
557	453	4
557	1497	6
4613	5180	2
411	764	3
411	17	2
411	5106	2
411	1497	4
411	4311	10
5179	1574	3
5179	145	2
2623	472	4
1661	1673	6
1240	3672	5
3721	2456	2
836	933	3
836	1636	5
3135	3243	2
758	1441	4
758	4391	4
531	1696	8
531	4330	2
531	1002	3
4569	3341	4
4569	2240	3
4569	3831	2
4569	3197	6
4569	2532	2
4569	4850	2
4569	4587	6
4569	1874	2
4569	2426	9
4569	4036	3
1252	2504	2
1252	1580	7
1252	91	2
1252	1116	2
1252	1996	2
1252	1176	4
1252	3999	2
1252	4921	2
282	4841	3
4956	1025	6
653	230	7
653	1838	2
653	2984	3
653	2794	2
2075	2353	2
2075	3217	4
2075	3628	3
5230	5059	12
5230	2794	7
1993	1880	2
1993	1613	2
3546	4222	2
2702	1475	2
2702	1518	2
4825	525	5
4825	3923	2
4825	506	2
365	541	2
365	5079	9
4456	2786	2
1534	3492	2
896	941	2
3495	2574	12
3495	4543	14
191	91	2
191	4194	4
191	4735	2
1939	2574	2
2700	4563	3
2700	41	16
2700	23	2
4091	160	4
4091	17	2
4091	2456	5
8	764	3
8	2574	4
8	855	3
8	116	2
8	2096	12
8	36	2
8	3518	2
8	1116	2
8	3923	3
8	506	6
8	5233	11
8	4538	3
8	3127	2
8	2955	2
8	4019	2
8	5244	3
8	2126	4
8	1189	2
8	4211	4
8	3282	2
8	5246	3
8	2014	2
455	3243	2
2476	850	2
2476	17	8
2476	817	3
5245	1880	6
2237	2726	2
2237	3256	5
2237	3703	2
764	3132	8
764	877	2
764	2885	2
764	3057	9
764	3359	2
764	4867	2
764	3756	2
764	1025	2
764	1781	4
764	506	2
764	3332	9
764	2122	2
764	2032	4
230	1227	4
230	3243	2
230	2069	2
230	2470	3
230	3197	6
230	4587	5
230	2968	2
230	2126	3
230	2426	5
1109	1199	2
1109	1168	2
505	4656	3
1044	5197	8
4732	1475	2
4732	2504	15
4732	1199	11
4732	3640	2
4732	2128	21
4732	3568	2
4732	2109	2
4732	4870	2
3204	4463	2
3204	3211	4
3204	3950	7
3204	1412	2
3020	3977	8
3020	2096	3
3020	3282	4
4268	1525	2
4563	41	3
364	1893	3
364	4335	12
364	1474	3
364	2590	2
364	1092	6
364	4326	8
364	3697	3
364	2370	2
364	833	2
4133	472	4
4133	1447	5
1962	4965	4
1962	2600	27
1962	1741	4
1962	1687	2
1962	2445	5
1962	483	4
1962	2013	3
1962	1609	5
1962	1227	2
1962	587	17
1962	3243	6
1962	472	4
1962	2247	2
1962	2470	3
1962	2248	8
1962	5071	11
1962	1327	2
1962	956	2
1962	2096	3
1962	1025	2
1962	1510	3
1962	1013	6
1962	1781	6
1962	1584	2
1962	1613	3
1962	236	2
1962	2546	2
1962	2459	3
1962	1234	2
1962	3714	2
1962	3209	4
1962	4360	2
1962	5140	6
1962	961	2
1962	2649	5
1962	229	3
1962	4463	23
1962	4075	2
1962	751	4
1962	2240	6
1962	3085	6
1962	921	5
1962	1594	13
1962	4432	6
1962	2017	2
1962	2936	2
1962	4575	2
1962	4434	2
1962	1611	3
1962	1864	5
1962	3432	4
1962	484	3
1962	4614	2
1962	4587	5
1962	4353	3
1962	3575	3
1962	4653	9
1962	5106	3
1962	1179	2
1962	5244	2
1962	3120	3
1962	2540	2
1962	1400	2
1962	670	12
1962	4266	3
1962	4974	2
1962	2968	2
1962	1891	2
1962	3383	2
1962	2327	3
1962	4195	2
1962	2952	2
1962	67	7
1962	715	2
1962	727	5
1962	2426	9
1962	4778	2
1962	273	2
1962	1567	12
1962	3125	4
1962	1732	2
1962	3794	5
1962	4638	5
1962	5189	2
1962	2143	6
1962	3055	9
1962	3349	4
1962	4598	2
1962	1807	2
1962	1608	2
1962	2015	10
1962	2055	3
1962	3235	4
1962	1897	5
1962	3081	2
1962	3522	8
1962	292	2
1962	3479	2
1962	1938	2
1962	3940	3
1962	4168	3
1962	2461	2
1962	1484	2
1962	1484	3
1962	3949	2
1962	913	3
2690	2574	2
2690	2013	11
2690	2096	2
2690	5049	3
2690	5224	5
634	2617	4
634	1613	2
634	2109	2
850	3006	3
850	12	2
850	3720	3
4368	2126	2
2929	1793	2
3369	1574	3
3369	4168	4
52	5011	4
52	3777	3
52	4629	2
2322	2390	10
2322	3492	8
1575	4841	2
1575	4047	3
3707	988	2
1880	3565	3
626	5204	2
1475	2504	21
940	2126	4
2885	3977	6
2885	4867	2
2885	41	7
2885	3921	2
2885	1021	2
2885	2119	2
2885	3060	2
2885	1232	2
2885	5187	2
2885	760	4
2885	934	2
2885	3868	12
2885	4211	2
2885	3592	2
2885	2510	2
2885	4153	2
2885	833	3
3977	1100	2
3057	2122	2
3057	1189	2
3057	729	2
732	5233	2
765	116	3
765	2617	2
765	3085	2
765	4310	2
765	3651	2
765	234	3
765	3128	8
2574	2096	37
2574	1025	3
2574	5049	2
2574	4543	11
2574	1613	31
2574	4146	8
3333	1009	2
3333	1327	6
3333	1168	2
3333	3492	3
3138	525	3
3138	4019	2
2504	1199	5
2504	3640	4
2504	3817	3
2504	2996	2
1199	2619	2
3640	563	2
3640	3817	3
3640	5080	2
3579	2377	3
3579	895	6
666	2984	2
2303	3063	2
2303	4532	4
2303	2013	4
2303	2788	2
2303	1464	10
2303	2096	2
2303	464	3
2303	4105	20
2303	2590	12
2303	3053	2
2303	36	2
2303	4158	5
2303	1617	3
2303	423	4
2303	4224	7
2303	3076	5
2303	5251	3
2303	6	2
2303	5125	4
2303	2156	8
2303	4101	4
2303	3817	11
2303	85	5
2303	3651	5
2303	1070	4
2303	3559	4
2303	2473	2
2303	3145	2
2303	2515	2
2303	4778	2
2303	273	6
2303	2159	2
2303	1239	6
2303	4811	2
2303	92	2
2303	4326	4
2303	5002	2
2303	916	3
2303	1744	3
2303	4574	3
2303	3795	3
2303	3397	10
2303	3326	2
2303	4638	2
2303	26	7
2303	2934	3
2303	3999	26
2303	2411	4
2303	2265	2
2303	4598	3
2303	1968	2
2303	4711	14
2303	3293	11
2303	1310	2
2303	1807	2
2303	3080	2
2303	1550	2
2303	1608	2
2303	2067	11
2303	4334	2
2303	3481	2
2303	287	5
2303	4122	8
2303	712	4
2303	3282	6
2303	2583	4
2303	4840	2
2303	1428	2
2303	1685	13
2303	1151	13
2303	5100	2
2303	4891	2
2303	3853	3
2303	303	7
2303	906	3
2303	3819	2
2303	2908	9
2303	4161	2
2303	4442	2
2303	4675	11
2303	4	2
2303	5093	2
2303	2543	2
2303	4997	2
2303	2572	2
2303	2049	3
2303	2795	2
2303	2409	4
2303	3956	2
2303	4555	3
2303	3355	2
2303	1745	3
2303	4455	2
2303	929	3
2303	2856	2
2303	2963	2
2303	4113	2
2303	914	2
617	530	2
617	1167	4
1222	1732	2
5053	2731	2
86	160	8
1827	1613	9
1827	1153	4
4506	4983	2
3126	1574	3
3116	1168	3
3967	1594	2
3967	2997	15
102	988	8
4492	1041	2
4492	1574	2
2040	2745	6
2040	5079	3
4532	933	2
4766	5011	2
3359	554	2
94	3355	2
3672	2318	2
3672	2013	3
3672	587	22
3672	3243	5
3672	790	3
3672	237	2
3672	4286	22
3672	1613	5
3672	446	5
3672	1135	8
3672	81	2
3672	1086	7
3672	1799	2
3672	2240	3
3672	3340	2
3672	613	4
3672	4015	2
3672	1644	5
3672	614	6
1618	1807	2
2849	5123	14
2849	5216	4
2966	3141	2
2600	4867	2
2600	2113	2
2600	2096	3
2600	5147	2
2600	2109	2
2600	933	3
2600	3526	4
2600	2156	2
2600	4670	2
2600	1996	3
3029	416	3
4885	1751	5
5011	1580	18
5011	2096	2
5011	1656	2
5011	4769	3
5011	861	3
5011	1636	2
5011	4945	2
5011	3587	2
1196	4309	3
1196	5233	7
3753	2505	3
3753	5212	6
3753	3503	2
3753	696	2
2747	5233	4
2747	4586	2
5180	4670	3
3026	875	8
3026	323	4
3026	2636	2
3026	3597	3
3026	3401	5
347	3085	2
347	4987	2
594	3656	2
1457	3902	2
3533	3656	2
3647	472	2
1687	518	2
1687	4478	2
1687	2618	3
1687	2020	2
3427	3332	5
655	1604	5
2262	2546	8
41	1065	3
3133	17	2
4151	1872	2
4151	887	7
4151	1673	6
3350	416	19
1535	1009	3
1535	4237	2
1535	1963	3
1535	3453	3
3585	3332	2
1580	4486	4
1580	4629	5
1580	4284	3
2128	880	8
2128	2442	7
2128	2996	4
2612	4309	3
2318	63	3
1643	5233	7
2893	2277	3
2893	3393	2
2893	791	2
4472	1334	2
4472	218	2
4472	1641	3
779	887	3
779	1649	2
2113	0	3
2113	4105	2
2113	4329	2
2113	628	2
2113	2894	2
2113	2468	4
2113	1891	3
2113	3559	3
2113	3145	2
2113	727	2
2113	3780	2
2113	1037	2
2113	4574	4
2113	4638	4
2113	3293	8
2113	4229	2
2113	2691	2
2113	4891	2
2113	906	2
2113	1601	2
1872	1873	2
1872	1122	2
1609	1793	7
3805	1116	2
1108	1838	7
1108	1086	9
1227	1209	3
587	2516	13
587	2668	3
587	2310	2
587	241	2
3243	1284	6
3243	1838	2
3243	1584	2
3243	4286	2
3243	613	2
3243	5197	2
1200	160	17
1200	4035	2
3269	466	2
472	2396	2
472	1447	2
3341	1009	11
3341	1963	2
3341	989	2
1065	1613	5
1065	4021	2
5159	3847	2
855	506	2
2552	1025	2
4401	2731	2
598	1955	3
598	524	2
4948	506	2
4524	1584	2
875	323	3
875	562	2
875	889	4
323	3903	3
323	1238	2
323	2636	5
323	889	4
1942	5086	6
2069	1838	3
2247	1584	4
1221	2126	2
1221	2433	2
479	4752	2
479	1636	5
479	3553	2
7	1584	2
7	223	2
7	1135	2
7	5140	2
7	3489	4
7	423	4
7	2649	11
7	4463	2
7	964	2
7	3206	6
7	3360	4
7	3448	3
7	1679	9
7	613	9
7	564	3
7	4043	2
7	1400	4
7	1891	2
7	2613	2
7	3559	3
7	727	4
7	2618	2
7	3326	2
7	1644	2
7	1552	2
7	2108	2
7	4908	7
7	4300	2
7	2962	3
638	506	2
790	5197	2
1139	1009	3
1682	1518	2
2470	1488	4
2470	988	2
2470	5140	4
2470	1319	2
600	3756	2
600	3100	3
600	2096	2
600	423	4
600	131	4
600	2126	7
600	2159	3
600	1914	2
600	4204	8
600	712	2
600	3282	5
3921	4698	4
2088	2109	2
1009	2735	2
1009	1584	2
1009	4536	6
4962	1167	3
887	1930	2
1491	4330	2
1491	2546	3
960	4330	4
960	2546	3
3760	4330	2
3760	2546	5
12	5147	2
367	2802	2
367	5233	2
367	3060	3
367	4670	6
367	4659	3
367	4211	5
562	880	4
562	2442	3
562	2996	2
58	2751	3
5059	2794	6
4895	5147	2
4895	4241	3
4237	3314	4
1327	2109	2
956	2721	2
3959	2745	3
724	2102	2
724	3675	2
724	4538	3
2362	4330	3
2362	2546	4
2390	1025	4
2390	1613	4
2390	4308	2
2390	3492	15
2390	4841	29
2078	3230	2
2078	1924	2
2516	2234	2
2516	1574	2
3203	4276	3
3493	4945	2
1518	1613	10
1518	2109	6
1518	174	6
1518	933	6
116	2096	3
116	1613	2
116	1030	3
116	5038	2
2658	2109	5
1231	904	2
1231	3453	2
1838	1086	2
1838	5251	2
2096	1025	3
2096	4543	16
2096	1613	50
2096	3568	2
2096	4146	16
4744	3289	5
4744	910	2
4744	2423	4
4744	1402	2
4744	554	2
4744	4570	3
4744	558	3
393	2765	4
393	1807	2
2813	2126	4
464	3205	2
464	1436	2
1025	4543	17
1025	3289	2
1025	1613	46
1025	36	12
1025	910	5
1025	2109	4
1025	4146	8
1025	423	2
1025	4778	5
2745	4104	3
1510	2952	2
1510	1571	2
1510	2832	2
1510	4231	4
1510	144	6
1510	1094	2
1510	4162	2
1510	2158	12
1510	1476	2
1488	1781	5
1488	1574	2
1488	1459	3
1488	4065	3
4543	4146	3
1013	4618	3
1013	453	3
1013	2668	2
1013	4653	3
1013	2665	3
1013	273	2
1013	2774	5
1013	585	3
1013	244	2
1013	4598	2
1013	192	4
1013	3522	3
1013	3956	4
1013	507	3
563	2456	2
563	4211	3
563	2433	5
3289	4486	2
2027	4105	5
2027	2382	5
2027	1801	4
2027	1931	8
2027	4670	13
2027	3189	2
2027	4807	2
2027	2009	20
2027	794	2
2027	3599	6
2027	4211	6
2027	3654	2
2027	4378	5
2027	5081	12
2027	3540	8
2027	3900	2
2027	1352	3
2027	569	4
2027	2945	7
2027	5168	2
3187	2546	4
2417	1584	2
2417	1041	4
4330	3583	2
1584	1135	2
1584	1041	4
1584	3825	2
1584	961	2
1584	3448	3
1584	986	2
1584	1130	2
1584	4850	3
1584	3575	3
1584	4653	9
1584	934	4
1584	349	2
1584	3522	9
1584	4952	2
4286	910	2
4286	933	5
4286	3448	4
4286	3588	2
1613	2456	2
1613	4146	2
1613	3847	3
988	4531	4
988	2668	2
988	4075	5
988	388	8
537	933	3
537	3060	2
537	1596	22
537	2705	3
537	4326	2
537	907	6
537	2414	2
537	4204	5
537	712	2
537	4967	4
537	1828	5
537	4112	3
537	4675	3
537	2860	3
537	3577	2
5147	3720	2
5147	4122	2
5147	4194	9
5147	734	4
3633	1834	2
3720	17	13
3720	2611	2
3114	1750	3
891	2119	15
891	4805	3
3053	286	2
3053	2649	4
3053	4434	2
3053	3610	6
3053	5197	8
3053	2832	2
3053	4675	3
2191	1234	4
2191	3205	4
2191	2840	5
2191	3964	12
2191	3817	5
2191	1841	2
2191	2126	23
2191	4478	13
2191	73	2
2191	2143	2
2191	2411	3
2191	107	4
2191	1648	2
2191	2583	5
2191	2462	8
2191	488	3
72	4998	2
4486	3019	4
4486	4329	16
4486	3001	4
4486	5212	3
4486	1921	3
4486	2721	16
4486	4310	3
4486	2293	3
4486	3513	2
4486	804	2
4486	3824	2
4486	2793	3
4486	4570	3
4486	2835	7
4486	4759	9
4486	4180	4
4486	4264	4
4486	4211	7
4486	2433	2
4486	1036	3
4486	1317	6
4486	512	3
4486	3687	2
4486	3158	10
4486	485	4
4486	1811	2
4486	368	2
4486	4783	3
4486	381	8
4486	2599	2
4486	5041	3
4486	4573	9
4486	2157	3
4486	2245	2
4486	3259	2
4486	798	2
4486	3172	2
4486	3596	3
4486	4034	3
4486	3608	5
4486	1916	3
2382	1070	4
2382	4038	3
2382	2189	4
1963	3453	2
5068	1793	3
3583	2546	16
446	4061	2
435	1531	3
2546	3311	3
2546	2549	2
508	933	3
4618	1754	2
1446	5063	2
520	293	2
160	293	13
3082	2825	3
286	1931	3
286	1626	2
1625	1164	4
1606	2668	4
1238	2636	5
1238	4261	2
1238	4247	2
480	585	4
480	5052	2
3321	2456	4
3321	4878	2
134	3942	4
3281	933	3
78	506	2
1748	3669	2
4245	3597	2
4245	1183	3
1168	2119	3
1168	4805	3
1168	2442	2
3467	763	3
2859	1095	2
3232	190	2
17	1339	3
1505	2425	2
3492	4841	6
880	4117	3
880	3847	3
880	2119	2
910	4778	6
3074	2198	2
2794	2994	2
2794	5069	2
2109	933	4
2456	506	3
5140	1574	10
5140	4463	2
1007	1548	4
316	3612	5
316	889	3
3688	1319	2
5224	4146	2
5224	423	3
5224	35	2
5224	4326	4
5224	712	4
5224	4608	2
3314	1140	4
1739	696	2
1739	407	2
3718	3212	2
3205	1485	3
3205	1639	2
1116	4726	10
1116	4211	7
1116	2776	3
1116	3682	2
1116	290	10
2636	1427	2
2636	889	2
4241	2126	2
4281	3699	2
632	3392	2
3584	4491	3
3584	1673	3
478	2321	4
430	741	2
5092	1473	2
1138	1166	3
1095	4326	5
1095	2860	2
2649	1574	3
2649	4463	3
1738	1840	3
1738	2410	2
1021	503	2
1185	751	6
1574	751	5
1574	2015	6
4463	145	2
4463	4568	2
4518	4316	2
1008	2668	4
2640	741	2
2166	3744	3
1307	4730	2
5108	3306	2
4408	5233	2
2047	3964	8
4556	3060	2
4556	43	3
4805	4637	5
2668	305	10
2668	5141	3
2668	3536	2
2668	356	2
2668	1777	3
2668	714	2
2668	3130	2
2668	3547	2
1348	2540	2
1348	727	3
1348	1752	2
342	4598	2
342	4229	2
1519	5061	2
933	5251	3
933	1850	5
933	3915	4
933	1350	16
933	4019	7
933	5106	3
933	3975	2
933	181	2
933	3732	4
933	2454	3
933	481	2
933	4211	4
933	170	3
933	3192	2
933	4431	2
933	1035	2
3677	1207	2
3019	5041	2
4276	2419	2
5251	4998	3
3457	2468	3
3457	703	2
3457	727	4
3457	1101	3
3457	1358	2
3457	4326	3
3457	23	2
3457	4085	2
3457	680	2
3457	1744	2
3457	3478	2
3457	3326	2
3457	1319	5
3457	4568	2
3457	4598	4
3457	1968	3
3457	2765	4
3457	46	3
3457	1807	2
3457	1793	3
2423	3371	3
4791	2569	3
4791	3779	2
2569	3779	3
2569	4752	2
3206	3085	3
3206	5212	2
3206	484	2
3206	3211	3
3206	5187	2
3206	234	2
3206	432	2
3206	4574	2
3206	3524	4
3206	177	7
3206	4568	3
3206	2009	3
3206	3593	2
3206	4598	3
3206	1991	2
3206	2067	2
3206	4211	6
3206	1317	6
3206	1987	2
3206	3105	4
3206	5036	2
3206	1146	2
3206	4737	3
3206	2230	4
3206	1779	10
3206	3956	3
3206	5130	2
3371	2599	2
3371	4945	2
1049	5244	3
2321	2914	3
3127	554	3
1801	3730	3
1801	4969	4
1801	4283	2
1801	4678	3
2187	716	2
3085	1127	2
3085	234	4
305	356	2
305	2666	2
305	1777	3
305	714	2
3377	4431	2
3779	4752	2
3779	3166	3
921	2834	2
1594	3211	6
1594	2301	2
1594	3950	4
2955	4778	3
2955	843	3
5214	3925	3
560	3782	2
2581	2926	2
2748	2721	4
1123	3435	2
119	1903	3
3594	780	2
4329	371	2
3839	1925	3
3536	3130	2
3536	3547	2
2520	4260	2
2520	4976	2
43	2245	2
633	1903	2
1356	554	2
356	1777	2
14	3988	2
4126	3446	2
2974	1319	2
2974	1968	3
4453	1388	2
564	5070	5
4488	696	13
4488	1334	5
2310	3613	2
1864	583	2
1864	741	2
4752	383	2
179	3613	3
4896	804	3
1856	610	6
2598	4811	5
2598	2416	2
3450	554	2
3130	3547	2
1459	1552	4
2045	1793	11
2721	4726	37
1754	3028	2
1754	1211	2
1005	3189	2
1005	861	2
5144	4976	2
2122	1067	3
4714	1129	4
5106	2331	2
1629	5118	4
1629	3139	3
1413	1585	4
4050	3122	2
4042	2144	2
3028	1948	3
2889	1255	2
4777	2381	2
4777	5216	3
4087	747	2
4087	4819	4
4087	729	3
4922	3999	2
5244	5039	8
2521	5069	6
3730	2722	3
3730	2616	4
3730	1692	2
4629	1636	2
4629	4945	2
1387	572	2
1055	4057	3
708	3425	4
5187	1583	3
3651	2015	2
526	3611	2
473	1316	2
1400	2468	2
1400	1316	2
1400	1443	4
1400	727	7
1400	3897	2
1400	145	2
2021	2938	3
2021	4491	3
2021	2639	4
2021	1627	4
5061	3522	10
5061	4168	2
1223	3018	2
876	2126	2
1737	3370	3
4880	2992	6
4880	4745	2
4880	4000	2
4880	4646	2
3645	314	3
1316	3733	2
2904	432	4
636	1331	2
636	1996	2
636	4574	2
636	1430	2
2652	3080	2
1931	4670	5
1931	705	3
1931	4778	2
1931	1834	68
1931	2009	9
1931	3703	2
1931	4211	7
1931	3654	3
1931	3054	3
1931	3905	2
1931	2986	2
1931	919	2
3744	3002	2
4670	2555	2
4670	3900	3
2647	766	5
2473	4085	5
2473	3797	2
1326	1636	3
3570	4950	2
3368	1347	2
3145	3018	4
2488	1570	3
1568	4476	2
4769	1333	4
4769	2945	2
5190	4214	2
5039	3654	3
5039	1810	4
2716	4908	6
727	4430	2
727	3264	5
727	1752	2
2378	3244	3
4258	4860	3
4258	417	3
468	2629	2
4778	2947	3
4778	4568	2
4778	3738	2
1996	4223	2
903	862	2
4339	3293	2
4339	447	4
4339	3223	2
4339	1391	5
3975	169	2
3975	3868	12
3975	2414	2
3975	5134	2
3975	4122	13
3975	1229	2
3975	2433	9
3975	3776	19
3975	1987	11
3975	3592	2
3975	1622	3
3975	3988	3
3975	738	3
3975	2510	2
3975	88	2
465	4090	2
465	1100	3
465	5134	2
465	1753	3
4090	1103	4
4090	5222	2
4998	2724	3
2167	3837	2
1129	2789	4
432	696	4
432	2219	2
3571	4526	2
2301	3950	4
4807	3031	2
4807	1680	8
861	1461	3
1636	5028	2
1636	1189	9
1636	785	2
1636	139	2
1636	3272	2
1636	3054	5
1636	1493	3
1636	1494	2
1636	2002	3
1636	5168	2
4478	76	12
3411	3331	2
1358	4594	5
1358	4085	5
1358	3797	2
4594	4085	2
4594	26	3
1571	3662	2
372	3639	2
4811	1255	2
1100	5134	3
756	4085	2
2269	1176	4
5002	4598	7
5002	1807	2
2512	1176	6
2073	2097	2
3639	4821	2
4085	3424	2
916	93	3
1394	4565	3
2732	1752	2
2732	1552	2
2285	3478	2
4659	4211	4
4659	4076	3
3065	2449	3
5239	1296	3
2557	4318	2
3626	4568	14
3626	1503	4
3326	2765	5
3414	2622	2
491	3824	2
1319	1968	2
2774	2255	2
1163	4921	2
1834	4589	5
3998	4194	4
1094	1431	2
5004	4568	2
1686	4474	2
3999	2381	3
3999	4425	2
3999	2777	2
3999	654	4
934	3420	4
4388	107	3
4388	2020	2
2381	1197	2
2009	3637	2
2009	2986	7
2009	569	7
2009	5018	7
2697	349	2
2697	4876	2
2697	813	13
3258	1971	4
3258	4099	4
1255	2399	3
1255	1829	2
2765	1793	11
858	1793	20
490	1793	6
1490	4436	4
1552	1793	12
1310	1807	5
1310	1793	7
1807	1793	4
1971	4099	5
2563	3759	4
107	76	12
2629	741	2
2052	4499	2
310	2462	8
348	4883	4
4938	4470	2
443	4346	5
158	5081	3
1733	4165	3
2698	900	2
2698	4391	2
426	2294	5
426	3781	3
426	645	3
4883	4758	3
1254	3963	2
3119	3455	3
1700	4639	2
2648	2846	2
698	4709	2
906	4904	2
2289	3609	2
4194	623	2
4194	9	2
4194	4565	7
4194	1118	3
4194	3336	6
4194	2907	6
4194	1276	2
4194	1797	2
4194	5048	4
4254	2270	2
4254	1353	2
4284	4945	2
4461	743	2
5172	4991	3
4197	4283	2
1214	2912	2
3054	3161	2
1247	2235	2
2359	2896	3
450	5196	2
5196	1259	2
2223	4165	3
3900	2817	2
3900	264	6
2136	1014	2
503	5126	6
4991	569	4
2986	569	6
2986	2945	3
2986	5018	5
3553	4979	2
3265	837	2
1483	4200	4
1483	4485	2
1818	4966	2
2193	1156	5
2193	4913	7
2193	3638	3
1478	4892	2
534	2743	5
2432	2103	4
2063	4979	2
3259	4997	2
3259	2526	4
5006	4674	3
4064	3947	2
4064	2939	2
3697	1669	5
2120	4933	2
5033	251	2
104	3997	3
1300	2879	2
4431	3872	3
369	3337	2
1215	3030	2
2717	2902	2
271	3880	2
155	3400	5
1219	4564	2
3619	5217	2
597	1236	4
597	4630	5
242	4680	2
2221	1851	2
2042	3030	2
319	5088	4
4327	1253	3
5236	2058	3
619	5126	2
3745	2615	2
807	4011	2
807	2656	3
2334	120	2
1512	2449	2
2810	4976	2
4951	1621	2
502	20	2
2679	4976	2
694	4503	2
4348	4660	4
4959	4314	5
3366	4314	28
1458	4314	4
1344	4314	84
458	4314	3
532	4314	3
2169	4314	3
182	4314	3
4668	4314	11
4697	4314	2
3807	4314	4
4086	4314	3
1360	4314	3
2876	4314	12
1890	4314	2
4541	4314	3
1835	4314	7
4123	4314	2
3774	4314	2
902	4314	8
74	4314	3
4394	4314	2
1252	4314	2
365	4314	2
877	4314	2
1962	4314	3
3967	4314	4
2600	4314	5
2470	4314	2
58	4314	2
4895	4314	2
237	4314	2
1025	4314	4
2745	4314	8
1013	4314	88
1799	4314	4
4353	4314	2
4778	4314	2
1163	4314	2
5193	4314	4
1700	4314	2
2409	4314	2
4448	4279	2
4649	4279	7
1009	4279	3
83	4279	2
4814	3572	4
4370	920	3
995	920	2
1962	920	3
3672	920	2
1488	920	4
2715	920	2
3575	920	2
4325	3664	2
1566	3664	5
5108	3174	3
557	4089	2
5108	4089	6
375	1175	5
850	2565	2
5147	2565	4
4239	931	12
3194	931	4
3029	931	3
741	931	2
2755	931	3
4553	931	5
4939	931	2
4971	1710	2
5252	1710	2
4814	1710	4
5085	1710	5
3769	1710	4
1677	1885	2
3769	1885	28
4199	1885	18
1962	1885	2
3640	1885	4
3966	3867	4
11	3867	5
1166	3867	2
2289	3867	3
3243	1749	3
1962	1312	2
458	3758	3
343	3758	2
520	3758	3
160	3758	2
806	3758	2
4306	3793	4
2935	3520	2
2574	3520	13
116	3520	4
2096	3520	6
4543	3520	21
4250	2921	3
982	2921	5
4370	2921	2
4959	2921	3
1082	2921	5
2190	2921	2
1653	2921	2
4039	2921	2
2385	2921	2
3164	2921	3
2224	2921	2
1773	2921	4
3050	2921	3
1034	2921	2
2518	2921	7
4724	2921	3
3769	2921	3
3394	2921	2
8	2921	3
764	2921	5
1962	2921	5
940	2921	2
2262	2921	4
4948	2921	2
3053	2921	8
223	2921	2
36	2921	4
3714	2921	2
3321	2921	2
1116	2921	2
4556	2921	6
4349	2921	3
3206	2921	11
1373	2921	2
2721	2921	2
620	2921	2
4778	2921	2
903	2921	2
3999	2921	2
4581	2921	5
2224	3663	2
2518	3663	2
531	3663	2
2262	3663	5
600	3663	5
4330	3663	4
2546	3663	8
2549	3663	3
2721	3663	7
3079	744	6
4569	744	12
3672	744	6
7	744	4
1584	744	3
5061	744	4
4719	1289	3
3509	4206	2
1009	4882	2
4160	5077	16
5131	5077	6
2553	5077	3
4635	126	8
4358	126	2
2303	126	2
2933	126	2
775	1707	3
2027	1707	2
1701	55	2
995	55	2
4410	4537	2
4668	4537	2
1377	3183	3
3774	3183	2
587	3183	11
1677	4873	4
2175	4873	4
3181	4873	4
1516	4873	4
4160	4596	4
2876	3881	9
195	3881	2
3074	3881	6
2198	3881	6
3674	3881	2
4144	3705	11
165	3705	2
1458	3382	2
4778	3382	4
3324	2807	3
3798	3589	3
3188	3528	2
142	3528	2
622	824	4
3921	824	4
2531	1291	2
2487	4593	3
230	4593	3
2736	4804	2
4668	136	13
5001	136	2
2303	136	5
4668	3494	2
1475	3494	11
875	3494	5
1238	3494	3
2636	3494	5
3043	3494	4
390	3992	2
4370	3992	14
1377	3992	4
2113	3992	2
174	3992	3
1400	3992	3
4934	3992	3
4949	146	2
2847	1728	3
3921	737	2
707	737	3
2217	2487	14
1377	2487	2
4510	2487	2
4151	2487	4
888	4426	5
4880	4426	3
421	4426	2
4702	4426	2
2284	4433	2
3324	4433	2
5105	4433	3
3099	4433	7
3556	4433	3
477	4433	2
153	4433	3
809	4433	3
1025	4433	2
1234	1046	2
2620	972	4
4724	972	2
2453	972	4
8	972	3
515	3052	2
4542	3052	4
4170	3052	2
230	3052	6
4370	4250	9
3783	4250	4
2935	4250	2
515	4250	3
3595	4250	21
3960	4250	18
4325	4250	2
4280	4250	2
5192	4250	6
2518	4250	17
2447	4250	8
2620	4250	6
4724	4250	2
4086	4250	3
3394	4250	2
5078	4250	2
2876	4250	4
4541	4250	9
2920	4250	5
101	4250	21
2531	4250	18
4825	4250	2
8	4250	9
230	4250	22
1962	4250	16
1227	4250	2
2470	4250	2
600	4250	15
1838	4250	3
3289	4250	2
2382	4250	2
2794	4250	4
933	4250	2
1166	4250	13
4723	4250	2
5061	4250	13
2716	4250	9
4243	4250	2
4745	4250	13
2289	4250	13
1247	4250	10
3243	3462	2
3769	4144	13
4199	4144	3
933	4144	2
3975	4144	3
4276	390	3
1456	1863	8
598	1863	4
1307	1863	4
3144	3480	2
4370	4135	5
1382	4135	2
3324	4135	5
4160	4135	2
2852	4135	5
5131	4135	9
3124	4135	2
4492	4135	2
2516	4135	2
1488	4135	2
2715	4135	2
1679	4135	2
101	385	2
230	385	6
1135	385	2
3500	2394	4
903	2394	8
3324	4147	2
4330	631	2
2546	631	4
2303	2630	2
4486	2630	17
2067	2630	2
1477	1822	2
101	1822	2
4563	1822	4
41	1822	2
3550	1822	3
625	1822	6
3302	1822	4
4527	1822	2
982	3818	2
3960	3818	8
2262	3818	3
4330	3818	4
2546	3818	16
1030	3818	4
3206	3818	2
1764	4056	2
458	4056	2
1377	4056	3
4170	4056	15
2518	4056	2
4668	4056	4
3620	4056	4
3769	4056	3
1281	4056	2
7	4056	3
237	4056	3
3332	4056	2
3206	4056	5
4258	4056	2
2231	4056	4
3099	2225	2
2621	2225	3
3556	2225	2
1854	2763	3
5085	2763	2
1458	2763	2
3324	2763	8
458	2763	2
3730	2763	17
3637	2763	3
2171	2763	3
2722	2763	2
2986	2763	2
458	4808	6
80	4808	2
3086	4808	2
1106	4971	8
288	4971	9
764	4971	7
2574	4971	4
4543	4971	3
1613	4971	14
4146	4971	2
506	4971	3
4649	2405	2
4149	2405	2
4919	2405	2
1009	2405	2
3394	647	2
4744	647	4
4486	647	5
3371	647	4
1356	647	2
1005	647	3
86	3101	2
2025	2863	2
2012	2863	2
1827	2863	2
1518	2863	2
537	808	2
4241	808	2
933	808	3
4649	4448	4
2153	4448	3
474	4448	3
4149	4448	5
3453	4448	7
4668	3456	2
995	62	2
74	62	2
1418	4742	3
4725	4742	2
257	982	2
4937	982	4
8	982	3
2574	982	5
724	982	5
2096	982	2
1025	982	3
1613	982	2
4649	1929	4
4149	1929	2
4919	1929	2
1963	1929	2
4510	2217	6
4394	3501	2
3014	3501	4
531	5111	2
5224	5111	2
4370	497	11
3087	497	2
4397	1764	6
2623	1764	3
4351	1764	2
4277	1764	3
472	1764	13
1447	1764	5
1950	3958	2
515	3958	3
1826	3958	3
3079	3958	4
4619	3958	2
101	3958	2
230	3958	4
4885	3958	2
587	3958	2
3243	3958	2
7	3958	2
446	3958	5
2627	3958	4
3960	1075	2
2303	1075	2
1161	394	2
4149	394	7
3774	394	2
3341	394	2
1139	394	3
989	394	4
4149	2754	3
1013	2754	2
3672	1539	2
3243	1539	3
3783	4370	5
4025	4370	3
2100	4370	17
515	4370	8
3595	4370	3
2070	4370	5
3960	4370	3
3324	4370	12
2812	4370	2
1377	4370	15
2620	4370	2
4199	4370	9
884	4370	49
4980	4370	6
5218	4370	3
3761	4370	2
4541	4370	3
3774	4370	3
1888	4370	5
2531	4370	15
230	4370	9
1962	4370	44
2275	4370	3
2113	4370	8
1609	4370	7
587	4370	9
3243	4370	3
2470	4370	8
1013	4370	13
425	4370	5
1781	4370	2
1984	4370	3
1574	4370	3
4463	4370	2
2668	4370	2
4075	4370	2
933	4370	2
4276	4370	3
1611	4370	2
3990	4370	2
1644	4370	3
412	4370	2
3677	1586	3
918	730	5
4814	4959	2
3885	4959	2
1854	4959	103
3934	4959	5
3324	4959	5
2080	4959	2
5114	4959	2
4949	4959	9
4152	4959	2
1144	4959	6
411	4959	7
5245	4959	2
1580	4959	3
2027	4959	5
3688	4959	3
4556	4959	6
1232	4959	6
1931	4959	2
5072	4959	2
4945	4959	10
1782	4959	3
2773	48	2
995	48	2
4199	48	2
4635	5250	2
4668	5250	2
2885	5250	2
2303	5250	3
1543	5250	2
2796	2139	2
4635	2139	3
4668	2139	3
2303	2139	3
981	2273	2
165	2819	2
11	5030	5
302	5030	3
1848	1950	2
4619	1950	5
1802	1028	2
3769	3783	6
477	3783	2
4486	3783	6
3206	3783	6
3014	2935	2
1189	2935	2
3467	3505	2
4698	3505	2
5108	3505	3
366	3505	2
4401	4894	2
3458	2868	2
3957	5252	2
3960	5252	2
3457	5252	3
2006	4814	2
5001	4814	3
191	4814	7
3999	4814	7
4803	4814	19
522	4814	2
3678	4814	2
4097	3	2
2302	5032	39
2303	5032	4
2600	5032	2
1458	736	3
2546	736	5
2284	1082	4
1962	1082	9
7	1082	2
2070	4025	3
1377	4025	3
884	4025	2
1962	4025	2
3672	4025	2
2191	3885	4
1157	2768	2
458	2768	2
160	2768	5
1773	5237	2
1802	5237	5
5085	1854	6
3476	1854	7
3960	1854	3
3164	1854	5
1458	1854	38
5176	1854	3
3802	1854	2
3050	1854	3
4203	1854	3
5114	1854	3
1034	1854	2
3666	1854	12
5207	1854	2
4170	1854	3
2518	1854	8
2620	1854	4
4724	1854	4
4949	1854	14
3769	1854	4
4199	1854	6
1802	1854	2
3394	1854	4
3263	1854	3
683	1854	2
1144	1854	7
3097	1854	118
2531	1854	2
5001	1854	3
411	1854	4
1252	1854	2
8	1854	23
2885	1854	2
2600	1854	3
323	1854	2
828	1854	2
116	1854	5
563	1854	5
2027	1854	7
200	1854	3
384	1854	2
2170	1854	2
2456	1854	3
3688	1854	3
1116	1854	13
2198	1854	2
933	1854	7
3019	1854	3
5233	1854	2
3206	1854	43
1303	1854	2
868	1854	4
143	1854	4
2721	1854	8
1232	1854	8
1909	1854	6
1931	1854	6
4670	1854	17
2175	1854	2
5039	1854	13
4778	1854	4
903	1854	5
3926	1854	2
1100	1854	9
4659	1854	4
1163	1854	2
5193	1854	3
3999	1854	19
1626	1854	2
4194	1854	6
3054	1854	3
1247	1854	3
450	1854	5
1181	1854	2
2585	1854	3
3738	1854	4
3553	1854	2
4017	1854	2
3543	1854	2
3519	1854	2
4945	1854	3
433	4685	2
764	4685	2
1387	1742	3
3366	2100	5
3366	1774	9
3967	1774	3
622	2344	3
1086	854	3
2984	2871	4
4315	2160	5
3057	2160	3
499	2160	2
4199	771	2
1962	771	2
1838	771	3
4521	771	2
3250	3690	3
3960	3934	3
2773	3934	2
51	3934	2
2531	3934	3
1962	3934	4
828	3934	2
85	3934	2
74	4386	2
3595	2174	2
441	2174	4
1360	2174	2
74	2174	4
365	2174	3
2885	128	3
3742	128	6
1458	433	4
4825	433	6
764	433	17
35	433	2
1382	2284	9
4590	2284	2
1360	2284	2
4171	2284	2
5131	2284	5
3270	2284	7
1962	2284	2
3126	2284	3
2234	2284	3
574	2284	2
3960	2434	3
2531	2434	2
1962	2036	2
2224	2190	2
1773	2190	2
257	2190	2
3769	2190	2
4152	2190	3
5131	2190	2
764	2190	2
2885	2190	2
765	2190	6
116	2190	5
5147	2190	4
4486	2190	2
1002	2190	2
1166	2190	3
43	2190	2
3824	2190	2
933	624	5
4931	398	3
995	398	3
3774	398	4
1008	398	3
1799	398	4
2668	398	2
1386	3366	6
4654	3366	3
1962	3366	4
1677	2467	9
2175	2467	4
3181	2467	4
1516	2467	4
2620	1477	4
4724	1477	2
4563	1477	7
2169	3497	2
1344	4097	3
1458	5085	3
4949	5085	21
3769	5085	4
2027	5085	70
4486	5085	2
3189	5085	4
2083	427	2
72	427	3
5251	427	6
4998	427	5
2724	427	3
3769	4039	2
2303	4039	2
7	4039	3
5224	4039	9
3324	3954	3
587	3954	2
1386	4191	2
3703	4191	3
1848	4649	2
4149	4649	23
1110	4649	3
4875	4649	2
4919	4649	22
2169	4649	4
3167	4649	3
3731	4649	3
4510	4649	2
1535	4649	14
1009	4649	2
1963	4649	5
2109	4649	2
4621	4649	4
3453	4649	10
1488	1861	2
4478	2631	7
3960	4989	2
1360	2990	2
4713	515	4
4931	515	4
3324	515	2
3329	515	3
1377	515	13
2620	515	2
884	515	2
939	515	3
3774	515	5
1278	515	2
2305	515	3
101	515	5
3135	515	10
653	515	2
230	515	2
1962	515	3
7	515	8
2516	515	2
1488	515	12
81	515	2
2794	515	3
1185	515	2
4075	515	9
1962	1693	3
2303	1693	2
4841	1165	3
3324	3595	6
3770	3595	2
2620	3595	4
1360	3595	7
1962	3595	7
3672	3595	5
587	3595	2
3053	231	2
286	231	7
1931	231	6
3054	231	3
3329	2070	2
1377	2070	4
884	2070	2
3774	2070	5
587	2070	3
4286	2070	2
3960	3957	3
2531	3957	3
165	227	4
3116	227	4
5233	4886	2
1716	3798	2
1457	3798	2
2736	3798	4
1377	4713	2
4086	4713	3
11	4713	3
4949	3476	13
3769	3476	4
1252	3476	3
5011	3476	3
1980	3476	19
2027	3476	20
4486	3476	4
4117	3476	2
3730	3476	3
4670	3476	4
1719	3476	2
4783	3476	7
862	3476	2
3445	3476	2
1341	3476	2
2945	3476	3
3387	3476	3
3834	1677	8
3728	1677	7
221	1677	3
2620	1677	2
4296	1677	4
2702	1677	4
626	1677	3
1827	1677	3
1682	1677	7
1518	1677	2
5204	1677	4
2175	1677	4
3181	1677	4
1516	1677	4
3769	3095	4
918	3960	2
1773	3960	2
1096	3960	2
2812	3960	3
1866	3960	2
2296	3960	5
4086	3960	13
2114	3960	2
552	3960	2
2739	3960	2
4208	3960	7
3131	3960	20
3715	3960	3
648	3960	10
74	3960	4
153	3960	40
1962	3960	4
4492	3960	2
4532	3960	4
3672	3960	3
2600	3960	5
4151	3960	2
1015	3960	3
1518	3960	3
4700	3960	2
3490	3960	6
508	3960	2
342	3960	2
933	3960	2
5193	3960	3
3989	3960	2
3324	150	5
3204	150	2
2885	150	2
1781	150	2
4995	2385	2
3833	2385	4
2991	2385	5
2491	2385	3
1687	593	2
2556	2482	8
3179	1913	12
4199	1913	2
1108	1913	2
1086	1913	6
764	4441	3
1422	4441	2
904	2153	4
3453	2153	4
904	474	3
3453	474	5
2303	1589	4
1594	4490	5
101	4325	3
1108	4325	2
1838	4325	2
4052	4325	7
1566	4325	3
1773	3164	3
2518	3164	2
1360	3164	4
4949	3164	3
1802	3164	2
2739	3164	2
2531	3164	7
2096	3164	3
506	3164	3
5233	3164	2
3464	3164	2
3978	2499	2
5176	1965	5
1515	4098	4
4619	4098	3
653	4098	2
3704	4098	3
1458	918	4
2224	918	2
2471	918	8
4937	918	2
2518	918	6
4668	918	41
4697	918	2
3620	918	7
4160	918	2
4026	918	2
2531	918	3
5001	918	2
764	918	2
4472	918	16
4486	918	7
5092	918	3
3019	918	2
1209	918	2
3975	918	4
5193	918	2
3296	918	3
1466	918	5
2620	2354	2
2739	2354	14
4507	2354	2
2531	2354	5
8	2354	2
3020	2354	3
2303	2354	4
5224	2354	6
506	2354	2
3019	2354	2
3769	1458	5
2417	1458	2
933	1458	2
1047	1458	2
1360	2302	4
4949	2302	5
2114	2302	2
364	2302	2
2303	2302	2
2847	1344	15
1848	1344	5
165	1344	15
2169	1344	3
3426	1344	3
2342	1344	6
3088	1344	3
2005	1344	2
4792	1344	10
2322	1344	8
3333	1344	9
2390	1344	14
3492	1344	9
4841	1344	13
4569	1382	8
7	1382	9
3651	1382	2
5061	1382	11
3975	1382	2
4199	373	4
2303	373	5
3672	373	2
876	1947	2
4845	1947	2
1701	97	2
995	97	8
2403	4341	5
1661	4341	3
3679	4341	5
3584	4341	8
1848	2847	4
1716	2847	2
4875	2847	2
2518	2847	4
2342	2847	2
4724	2847	23
4792	2847	2
11	2847	2
5001	2847	2
8	2847	6
3333	2847	3
2390	2847	3
3492	2847	17
4841	2847	2
195	897	3
3985	4582	5
4919	4582	6
3556	4582	2
4464	4582	2
477	4582	11
74	4582	2
5245	4582	2
4628	4582	2
1580	4582	2
4241	4582	2
4556	4582	5
2947	4582	2
1009	905	2
3079	2556	3
230	2556	5
666	2556	2
3243	2556	2
4000	2556	6
3324	4695	3
4160	4695	3
3769	4695	2
1962	4695	3
2303	4695	2
3457	4695	4
2697	4695	3
5016	1272	2
1962	1272	8
239	3834	2
4919	3834	7
2169	3834	9
2316	3834	2
4567	3834	2
4732	3834	2
1827	3834	12
2249	3834	2
1518	3834	18
2109	3834	5
174	3834	2
458	1848	2
4776	1848	9
4919	1848	10
2169	1848	46
3770	1848	4
3249	1848	5
748	1848	2
3079	1848	5
4199	1848	13
2276	1848	2
2005	1848	3
477	1848	6
5051	1848	2
4956	1848	5
1962	1848	4
634	1848	7
2574	1848	3
1827	1848	3
2390	1848	5
1518	1848	10
1025	1848	33
1613	1848	24
910	1848	4
2109	1848	22
4146	1848	4
4778	1848	4
5193	1848	2
4296	3728	4
2702	3728	8
1682	3728	11
4308	3728	17
1554	3728	4
3914	3728	2
2175	3728	4
1010	3728	4
3181	3728	4
1516	3728	4
2518	2674	4
5131	2674	3
563	2674	3
2456	2674	2
4783	2674	4
4149	222	2
2114	5176	3
101	5176	2
1025	5176	2
4668	1718	2
4199	1718	4
3324	2224	2
4668	2224	18
4199	2224	7
2114	2224	5
2739	2224	2
5131	2224	5
2531	2224	3
531	2224	2
8	2224	2
1962	2224	12
2303	2224	3
3672	2224	5
1004	2224	3
1025	2224	20
4486	2224	2
4309	2224	2
5224	2224	6
4241	2224	27
933	2224	6
2549	2224	4
4723	2224	6
2721	2224	4
3451	2224	2
1773	1062	6
4937	1062	2
1802	1062	4
506	1062	4
966	1062	2
1593	1062	2
1773	5120	3
2407	5120	2
1802	5120	8
506	5120	4
966	5120	2
943	2177	5
196	2177	2
3301	2101	2
195	2943	3
2109	2943	15
4085	2943	3
4697	2704	4
7	1419	2
345	1773	2
438	1773	2
4397	1773	4
4668	1773	2
4724	1773	3
1802	1773	3
2739	1773	2
5201	1773	2
5001	1773	3
8	1773	11
764	1773	2
2600	1773	2
4867	1773	2
2113	1773	2
855	1773	2
638	1773	2
4744	1773	4
4486	1773	7
1446	1773	2
1116	1773	2
174	1773	4
506	1773	16
966	1773	3
5233	1773	2
3127	1773	2
3996	1773	2
3983	3250	2
2992	888	2
4613	581	2
5251	4645	3
793	2741	2
1981	3802	6
2531	3802	2
2113	3802	3
4541	4298	2
1962	4298	2
7	4298	2
4518	4298	2
2876	3361	7
3326	3361	3
2282	3210	2
3201	3210	5
2152	3210	3
304	2925	10
2690	2925	2
2574	2925	15
2096	2925	13
4543	2925	7
1613	2925	6
4146	2925	7
2544	4410	2
3866	4410	2
932	4410	2
995	4931	2
3329	4931	3
1377	4931	2
884	4931	10
3774	4931	44
2305	4931	2
4323	4931	2
101	4931	2
4394	4931	2
3135	4931	3
587	4931	2
1185	4931	2
1008	4931	2
1799	4931	5
2668	4931	3
4075	4931	3
4276	4931	2
2006	3050	2
4668	3050	4
3769	3050	3
933	3050	2
2089	3050	2
4095	662	2
4199	2340	2
3672	2340	2
2377	2340	3
2484	4844	2
3079	3775	2
2303	3775	3
2442	5161	2
74	1701	3
1106	2471	2
1889	2471	6
4152	2471	2
2531	2471	2
4329	2471	5
3468	2465	5
2169	2465	2
2316	2465	2
3495	2465	2
37	2465	6
2109	2465	3
5204	1500	7
2080	3324	4
1377	3324	6
4160	3324	3
1683	3324	2
4949	3324	7
3769	3324	5
884	3324	4
1890	3324	2
5131	3324	4
1962	3324	10
2690	3324	4
1150	3324	2
1580	3324	3
7	3324	3
1185	3324	3
1574	3324	5
1519	3324	3
5061	3324	10
1931	3324	2
153	3655	2
4858	4280	4
4668	4280	3
2531	4280	3
563	4280	9
4486	4280	2
5224	4280	6
3752	4280	2
364	3229	2
3769	2080	3
4358	2080	5
8	2080	2
5011	2080	2
17	2080	6
5051	3468	4
37	3468	2
1716	4149	3
4875	4149	4
4567	4149	2
3750	4149	2
2003	4149	4
4865	4149	4
1535	4149	13
3341	4149	9
1009	4149	10
4536	4149	3
1963	4149	4
3453	4149	10
758	2773	2
1441	2773	5
2885	2773	2
1510	2773	3
1866	256	3
865	256	2
1112	256	2
165	494	2
477	494	2
4139	494	3
5192	5016	3
4668	5016	3
4199	5016	3
3761	5016	3
1962	5016	7
3059	5016	3
710	3254	3
2069	3864	2
4126	3864	4
195	1908	2
237	1908	2
8	4858	2
933	4858	3
4330	257	2
2546	257	4
4723	257	2
4668	995	2
391	995	2
5208	995	2
752	995	5
74	995	21
1817	995	2
1962	995	2
2516	995	7
4618	995	4
74	4022	4
1817	4022	2
2516	4022	5
5084	4022	3
4618	4022	2
3404	4022	2
1744	4022	6
5051	5105	4
74	5105	3
2516	5105	4
3574	458	13
80	458	12
3263	458	3
5243	458	5
1109	458	3
4732	458	21
626	458	2
2504	458	10
5011	458	2
5147	458	2
3583	458	2
880	458	6
2442	458	4
477	165	3
4792	165	3
2322	165	3
3333	165	5
3667	165	6
3116	165	11
434	165	4
2390	165	12
1168	165	2
3492	165	2
4841	165	4
2442	165	2
3769	4914	4
195	4914	2
365	4914	18
3329	3327	2
230	3327	2
1802	2407	6
855	2407	6
5218	1235	2
4276	1235	3
2518	4203	4
3620	4203	19
2531	4203	4
1962	4203	3
4744	274	2
3961	2188	2
1377	5094	5
4086	5094	10
683	5094	2
902	5094	4
1252	5094	2
230	5094	2
1962	5094	90
2470	5094	2
988	5094	11
2198	5094	2
2649	5094	13
2668	5094	2
3206	5094	6
3610	5094	22
3651	5094	2
1163	5094	2
3935	912	2
5131	912	8
2531	912	3
1962	912	23
1013	912	2
1584	912	3
2716	912	11
1889	4561	2
3677	4437	6
3099	622	2
588	622	2
4698	622	2
3625	622	2
3935	3316	3
4590	3961	3
4171	3961	2
5131	3961	11
3270	3961	3
1962	3961	2
3126	3961	2
22	3961	2
1518	3961	2
1446	3961	4
5184	3961	2
3457	3961	2
1744	3961	2
1180	3574	13
4919	3574	2
3770	3574	4
2714	3574	3
80	3574	3
3769	3574	3
2276	3574	7
3042	3574	4
477	3574	3
4865	3574	10
2531	3574	2
1109	3574	2
1962	3574	5
1880	3574	7
2390	3574	2
1238	3574	3
4805	3574	5
716	3574	2
2621	2826	4
4464	2826	3
1110	4666	9
4919	4666	7
4732	4666	4
2658	4666	2
2109	4666	26
933	4666	8
2114	1398	7
1106	689	2
765	689	2
4919	1110	18
2276	1110	2
2658	1110	2
2109	1110	20
1981	2083	2
2114	2083	4
933	2083	2
4998	2083	2
2377	4887	2
4397	438	2
855	438	8
2396	438	4
2276	1180	2
4358	1180	2
477	1180	2
4865	1180	4
1575	4902	2
3079	50	5
4569	50	3
1135	50	2
1529	50	2
537	901	2
4668	5192	2
933	5192	2
4671	1637	5
1025	4937	2
3289	4937	2
101	1844	2
2700	1844	2
4452	1844	5
2027	1085	3
1814	784	2
3301	784	2
2620	4893	3
101	4893	7
1758	4893	8
2163	4893	8
4919	4776	3
1895	4776	2
4253	4776	4
4199	3389	2
2303	3389	4
3053	3389	2
1459	3389	9
2303	4640	2
930	4640	2
4108	4640	2
933	2323	2
1377	3329	6
2620	3329	3
3079	3329	2
4199	3329	3
884	3329	4
3774	3329	5
230	3329	2
1044	3329	3
1962	3329	3
3243	3329	3
7	3329	2
1185	3329	3
2635	3329	2
3309	3329	2
1803	3329	3
4308	221	5
2175	221	4
3181	221	4
1516	221	5
1928	678	23
3718	678	2
668	678	3
2663	678	12
2425	678	2
174	2626	2
2876	532	9
2745	532	9
3851	1305	2
322	1305	2
4199	243	5
3491	243	2
1962	243	4
1255	243	5
1377	1072	7
587	1072	3
2516	1072	2
725	4046	2
3559	4046	2
288	1106	11
98	1106	19
764	1106	3
1065	1106	3
1613	1106	4
43	1106	4
4389	1106	5
2220	1106	7
25	1106	2
4199	1532	2
195	1532	9
2303	1532	7
3966	3924	4
4919	4875	4
2390	4875	2
3492	4875	12
3079	1866	3
411	1866	2
94	1866	2
828	1866	3
7	1866	4
367	1866	2
1510	1866	2
2417	1866	3
1584	1866	6
4463	1866	6
5187	1866	2
3975	1866	2
3137	1866	4
4143	702	2
2331	702	2
3769	3496	3
4330	4244	3
2546	4244	2
1962	3772	7
1584	3772	2
2600	1577	3
4326	1577	18
5193	1577	3
2372	1031	4
764	3236	10
4546	1090	3
724	1090	2
896	47	2
1692	47	12
2531	1323	2
1009	3142	19
1360	2880	2
1835	2880	2
4895	2880	2
4668	3099	23
764	3099	9
2885	3099	3
3057	3099	2
2600	3099	4
3921	3099	4
1446	3099	7
5184	3099	3
4115	3099	3
4083	3099	2
3811	3099	2
1890	1386	2
2305	1386	2
2237	1386	2
1962	1386	6
2445	1386	3
587	1386	4
2470	1386	5
4127	1386	2
3232	1386	2
3249	4919	2
4397	4919	2
2853	4919	3
4949	4919	2
4367	4919	2
4567	4919	2
2005	4919	4
477	4919	2
1144	4919	2
653	4919	2
1962	4919	2
634	4919	3
1309	4919	2
3333	4919	10
3116	4919	11
4151	4919	7
472	4919	2
3341	4919	4
1327	4919	2
4996	4919	2
2390	4919	6
2658	4919	2
281	4919	2
1584	4919	2
1963	4919	6
4013	4919	7
1168	4919	2
2109	4919	15
4621	4919	3
3453	4919	5
3332	4919	2
5001	4131	2
1108	3179	6
1086	3179	9
2853	2169	7
3488	2169	2
4949	2169	4
4367	2169	7
2276	2169	7
2005	2169	3
1144	2169	2
4792	2169	3
4956	2169	6
1104	2169	2
4948	2169	3
2390	2169	3
1025	2169	24
1613	2169	8
880	2169	3
910	2169	4
2109	2169	4
83	2169	3
4778	2169	3
436	2169	2
2241	3875	3
724	3875	2
1387	2154	4
135	2154	3
338	1377	2
3966	1377	2
884	1377	19
5218	1377	2
3182	1377	2
2852	1377	2
2920	1377	2
3774	1377	6
2305	1377	9
4323	1377	2
3135	1377	8
4492	1377	3
2966	1377	4
483	1377	2
2318	1377	5
587	1377	44
2516	1377	29
1488	1377	2
988	1377	4
1135	1377	4
3825	1377	2
2794	1377	2
2541	1377	2
1574	1377	2
4463	1377	4
4531	1377	2
4075	1377	8
1519	1377	2
4276	1377	2
3085	1377	2
4987	1377	3
1611	1377	2
4850	1377	4
3559	1377	3
1981	2804	3
634	2804	6
4654	5065	2
1071	5065	2
2668	1760	4
1424	2621	2
2109	2621	4
933	2621	3
1555	2621	2
4199	4590	4
2303	4590	4
2109	3167	2
2096	1034	3
5251	1034	2
669	3153	2
74	3153	2
3720	3153	2
4841	3737	5
2276	3770	18
477	3770	9
4865	3770	9
101	3770	2
1025	3770	5
891	3770	21
880	3770	3
4775	3770	4
4805	3770	42
377	3770	5
1033	3770	2
957	3770	2
4468	1889	3
3871	1889	2
2026	1889	3
38	1889	2
4358	1889	2
2241	1889	3
894	1889	6
1281	1889	2
4546	1889	2
8	1889	2
4227	1889	3
724	1889	7
116	1889	2
3688	1889	3
3332	1889	6
4538	1889	3
3127	1889	4
933	3666	3
1518	2316	2
4668	2181	4
2026	2181	3
894	2181	4
724	2181	3
1907	441	2
2518	441	2
3769	441	3
191	441	5
537	441	2
933	441	4
1985	441	3
3999	441	4
1254	441	3
1426	441	6
3769	2006	14
1441	2006	2
191	2006	7
5011	2006	2
91	2006	2
4629	2006	2
4284	2006	2
3679	2403	3
4307	2403	2
224	2403	3
884	338	4
1962	338	6
765	338	6
1200	338	2
2854	442	2
18	2264	5
3707	2264	4
1941	2264	6
2932	2264	2
2518	1907	7
752	1907	2
74	1907	5
365	1907	3
2885	1907	13
537	1907	5
3769	3249	2
2276	3249	2
477	3249	5
2690	3249	2
1025	3249	7
4543	3249	3
880	3249	2
2442	3249	2
2318	1267	5
3789	1267	3
4026	5207	2
5011	5207	4
1580	5207	2
4486	5207	16
3019	5207	2
2927	1514	2
4378	1514	2
3870	1514	2
1615	1514	2
1962	4132	2
2721	4132	3
4668	4963	2
4724	4963	2
2739	4963	2
7	4963	3
638	4963	2
887	4963	19
4405	4963	2
214	4963	2
4606	4963	2
598	1456	3
114	1456	2
114	2899	4
1307	2899	3
4730	2899	2
2850	4397	2
750	4397	2
1802	4397	3
550	4397	3
4133	4397	3
472	4397	14
855	4397	8
4778	4397	2
4241	336	2
5131	182	3
3672	812	4
4286	812	6
472	2850	6
8	1651	2
3138	1651	2
4744	1651	2
933	1651	2
74	2360	2
3042	2714	3
4865	2714	10
2078	2714	10
4805	2714	2
1962	1152	2
342	1152	2
1597	1152	2
3579	4070	2
416	4070	2
3579	5175	5
364	2226	9
5224	2226	5
598	3580	2
3556	4170	13
4423	4170	5
648	4170	2
4613	4170	5
237	4170	2
508	4170	3
2859	4170	2
2518	3556	4
3620	3556	3
2982	3556	2
4423	3556	2
2690	3556	3
1309	3556	8
4086	2518	2
552	2518	2
2739	2518	16
4208	2518	2
4423	2518	4
648	2518	5
4613	2518	15
1827	2518	4
1518	2518	4
237	2518	10
508	2518	2
2859	2518	2
2109	2518	5
1258	2518	2
953	2518	2
828	4901	2
1783	4550	2
4501	4550	2
2463	4550	2
2303	4635	3
2113	4372	2
4486	4372	4
4638	4372	2
2114	1870	3
2512	1870	2
2718	4668	2
153	4668	3
365	4668	3
764	4668	5
2885	4668	2
3057	4668	2
2303	4668	6
1446	4668	3
5224	4668	2
4241	4668	2
933	4668	4
5098	4668	4
3368	4668	3
4199	4697	14
3491	4697	6
4152	4697	6
2303	4697	6
5098	4697	2
3368	4697	6
756	4697	2
2739	2865	3
3020	883	5
2885	883	2
2303	883	2
600	883	5
563	883	3
4594	883	2
2697	883	2
1535	943	3
4464	1424	2
352	1424	2
2390	2342	6
4841	2342	2
477	2853	2
2390	2853	2
3492	2853	2
4841	2853	2
1603	2853	3
2096	2447	3
2005	3488	4
159	84	2
4698	2688	3
3278	2688	2
3769	344	10
2357	344	13
4464	2406	4
2739	3620	4
4423	3620	3
4613	3620	5
933	38	7
2623	750	6
472	750	3
5079	3665	4
4318	5145	2
4199	4748	2
3491	4748	2
3769	3471	13
5131	3471	15
1687	3471	4
2113	3471	5
537	3471	3
2191	3471	10
2668	3471	4
3206	3471	12
5061	3471	2
4194	3471	7
4724	4877	2
5218	4877	3
101	4877	2
230	4877	12
1962	4877	2
3672	4877	3
1227	4877	2
2470	4877	2
1838	4877	22
1185	4877	3
4358	3910	2
3085	3910	2
195	4160	2
1962	4160	2
279	4160	2
3921	588	3
4698	588	2
4724	2620	7
3394	2620	2
101	2620	22
896	2620	2
2700	2620	11
230	2620	21
4563	2620	7
1962	2620	3
3672	2620	9
600	2620	13
3373	2620	2
78	2620	8
4518	2620	2
933	2620	51
1166	2620	36
1209	2620	3
2697	2620	13
2289	2620	9
101	1275	3
8	1275	2
3243	1275	2
2069	1275	3
1584	1275	3
5051	1336	2
4714	1336	3
3830	1336	2
4199	4724	2
2739	4724	2
3977	4724	15
2574	4724	2
2096	4724	13
1025	4724	3
36	4724	3
5224	4724	2
4085	4724	2
2685	4724	2
3544	80	8
1505	1928	2
430	1928	2
3019	1928	2
4259	5188	3
2303	5188	27
1013	5188	3
537	5188	22
3999	5188	2
4199	3978	2
2531	3978	3
8	3978	2
4469	3978	2
2262	3978	3
2096	3978	4
933	3978	3
3206	3978	11
2549	3978	2
1931	3978	7
3333	3198	3
3341	3198	2
1009	3198	2
1739	3348	2
74	669	4
634	669	2
2885	669	7
1519	669	6
1985	669	2
4199	1048	2
1580	4265	2
3079	3807	9
4152	3807	5
1962	3807	6
1222	3807	2
4867	3807	2
3813	3807	4
4486	3807	12
1985	3807	2
4329	3807	4
43	3807	10
636	3807	5
3243	2453	2
3942	2453	3
2448	4489	6
4296	1683	2
3651	1683	2
237	2982	4
2668	3465	2
305	3465	2
1777	3465	2
174	4110	2
884	3079	2
1044	3079	2
790	3079	2
1584	3079	2
3053	3079	2
1041	3079	2
4394	1360	2
977	1360	2
4151	1360	8
2396	1360	3
3263	4949	3
1839	4949	5
3206	4949	2
2947	4949	3
2009	4949	3
158	4949	5
5081	4949	8
4021	4949	2
1810	4949	3
2648	3851	2
3769	1228	20
4199	1228	5
3491	1228	5
2531	1228	3
367	1228	3
178	1228	2
4063	4041	2
3212	4041	2
3894	3769	2
836	3769	4
2476	3769	2
2690	3769	3
5011	3769	2
91	3769	9
3493	3769	2
1748	3769	7
3060	3769	6
2721	3769	14
357	3769	27
2245	3769	3
683	4199	3
1252	4199	2
1584	4199	2
3019	4199	2
4821	4199	4
1163	4199	2
1530	3894	2
3138	3894	2
3289	3894	4
4486	3894	9
4241	3894	2
4556	3894	7
3019	3894	2
3371	3894	4
4329	3894	3
43	3894	2
3973	3894	3
2089	3894	2
3413	1560	4
860	1943	2
3131	1943	20
2531	1943	13
933	1943	6
2114	860	6
4259	860	9
2113	860	6
2512	860	2
4085	860	6
764	288	2
1065	288	3
1613	288	4
43	288	6
4389	288	2
25	288	2
4237	320	2
1548	2671	3
2531	2718	25
5001	2718	2
765	2718	2
2303	2718	22
2600	2718	5
7	2718	4
1095	2718	8
3206	2718	46
4670	2718	15
4258	2718	3
2947	2718	4
5193	2718	5
198	2718	3
4417	2718	3
2357	2718	8
16	2718	5
2876	2149	2
2198	2149	2
5218	884	2
3182	884	7
3774	884	18
4654	884	5
4569	884	3
1962	884	5
3672	884	6
587	884	5
7	884	15
1584	884	15
4286	884	6
988	884	3
1135	884	4
1185	884	8
1574	884	8
4847	884	3
4183	884	6
5061	884	6
2992	884	3
2289	884	4
1164	884	2
1413	1721	2
1084	1721	2
3457	1721	3
1413	1721	2
3662	1721	2
3170	1721	2
5201	1802	2
550	1802	3
2531	1802	11
3408	1802	4
8	1802	12
764	1802	2
1089	1802	2
472	1802	3
855	1802	3
927	1802	9
174	1802	4
506	1802	18
966	1802	2
3127	1802	2
233	1802	2
4319	1802	2
3692	1802	2
3996	1802	2
2005	2276	7
477	2276	16
4865	2276	12
1109	2276	3
634	2276	3
3333	2276	9
1147	2276	6
4151	2276	2
2390	2276	2
1025	2276	2
880	2276	7
4805	2276	7
2442	2276	5
2187	2276	2
3594	2276	4
436	2276	2
2848	3394	2
3495	3394	2
764	3394	2
5011	3394	2
2854	3394	3
3975	3394	10
130	3394	2
2574	304	3
4543	304	2
4865	3042	9
2078	3042	6
4805	3042	2
1203	4358	2
7	4358	2
3688	4358	3
2300	45	8
802	45	2
74	45	3
2531	45	16
1962	45	2
2600	45	2
3026	45	5
875	45	10
4671	45	2
891	45	2
3903	45	3
933	45	2
2705	45	2
5193	45	2
1333	45	2
4737	45	2
956	789	2
933	2980	4
4789	343	3
2801	343	4
3104	343	2
2275	5218	2
3203	5218	4
300	5218	3
2260	5218	3
412	5218	2
379	5218	2
2390	1381	2
939	220	2
923	1204	2
2303	3121	10
2377	3121	2
4464	1530	2
4569	5078	2
2531	2114	6
11	2114	4
4825	4412	2
764	4412	10
3975	4412	2
3066	627	5
1007	1486	2
2436	1545	2
1962	2118	12
587	2118	2
230	939	3
1044	939	3
2303	422	2
828	422	17
1510	422	4
1459	422	5
2964	422	2
311	2878	3
4683	894	2
1564	2349	3
2113	228	4
2739	552	7
3491	552	4
4136	552	2
2531	552	4
367	552	2
1095	552	3
933	552	22
1147	2005	4
83	2005	3
2854	1143	2
3975	1143	16
3950	4576	7
3585	2212	2
2885	4340	6
2113	370	2
634	4464	2
2109	4464	3
933	4464	6
2531	2739	2
4259	2739	2
4091	2739	2
8	2739	2
764	2739	2
367	2739	6
116	2739	2
72	2739	2
3942	2739	2
506	2739	2
1931	2739	5
4659	2739	4
2723	2739	31
563	2833	4
4486	2833	2
3371	2833	6
1392	2876	8
2305	2876	2
2917	2876	30
3509	2876	10
365	2876	2
364	2876	14
2040	2876	9
3959	2876	2
1025	2876	2
2745	2876	29
5079	2876	9
5224	2876	3
4104	2876	2
2531	4208	9
933	4208	7
3438	4208	3
1078	2165	2
323	2165	9
2166	2165	3
3645	2165	2
314	2165	11
252	2165	8
2864	2165	5
4404	2165	3
4276	2280	3
531	2092	4
1252	3491	2
2600	3491	2
5193	3491	2
764	3761	29
3132	3761	4
3332	3761	4
2122	3761	6
2944	3761	2
2848	3648	3
1636	3648	4
450	3648	2
178	3648	4
4492	2852	3
3672	2852	7
2966	2852	2
1584	2852	2
4286	2852	9
446	2852	3
1135	2852	6
964	2852	4
3141	2852	4
1679	2852	4
2303	5169	2
4654	1890	6
2531	1890	3
8	3263	2
1199	3263	6
803	3263	3
4478	4272	7
4209	4272	2
244	4272	2
107	4272	3
3155	4272	2
1931	2719	2
1886	3909	2
2531	4602	2
3757	1521	2
752	3131	2
74	3131	9
2531	3131	2
2690	3131	6
4306	2844	3
3935	2376	2
1993	4507	3
1962	4507	4
3318	683	3
2156	683	2
2159	683	2
723	683	3
2191	4423	2
2917	1392	4
1962	1392	4
4241	1392	8
5131	204	6
3999	204	4
3243	3036	2
5224	4275	2
4569	3750	2
4569	2003	2
4152	752	9
5131	752	3
74	752	5
153	752	3
2531	752	3
2303	752	2
1222	752	4
5079	752	9
2531	1975	4
2883	1975	3
8	1975	2
3138	1975	3
17	1975	2
3259	1975	3
8	2916	2
2294	4152	3
2574	454	7
1252	492	2
850	492	2
3753	492	2
1139	1658	4
4241	1835	2
4807	5121	2
1564	4171	2
2431	4171	2
411	1281	4
2885	1281	2
1199	1281	3
3640	1281	3
4865	477	3
4792	477	4
3333	477	3
3124	477	2
3667	477	3
3116	477	16
1609	477	2
4511	477	2
2390	477	5
2658	477	2
1025	477	6
891	477	3
3184	477	2
4013	477	3
1168	477	8
880	477	11
2109	477	3
2119	477	14
4805	477	16
2442	477	4
4750	477	2
2700	2496	2
5233	2030	2
3243	3240	2
3243	3224	2
1962	3458	11
1021	3458	2
1255	3458	3
503	3458	6
3965	3458	2
1962	51	3
4073	51	2
4241	4123	3
4427	4123	2
2531	648	3
933	648	3
4790	2920	2
4732	5243	2
2303	5243	4
2128	5243	4
4194	5243	3
52	3755	3
2600	3755	2
4744	3755	6
3289	3755	2
4486	3755	4
1005	3755	5
3633	2028	2
4659	2028	4
3259	2028	2
358	2028	4
5026	3869	4
5011	3869	2
4629	3869	2
86	4381	2
4518	4381	3
933	4136	2
2305	3774	12
4323	3774	8
4654	3774	10
101	3774	3
4394	3774	2
3135	3774	6
230	3774	2
1962	3774	5
3672	3774	4
2318	3774	3
587	3774	4
472	3774	2
2247	3774	2
7	3774	2
1584	3774	2
1007	3774	2
1185	3774	2
1574	3774	2
1008	3774	4
1799	3774	12
4075	3774	4
4276	3774	4
2196	3774	2
2568	3774	3
1962	3935	6
4618	3935	3
5061	3935	2
2531	1078	2
3026	1078	5
4486	1078	11
2384	1078	3
4737	1078	4
5131	2300	24
74	2300	12
1252	2300	2
2303	2300	9
2600	2300	2
323	2300	9
956	2300	2
5224	2300	13
4556	2300	43
5193	2300	2
198	2300	2
2062	2300	9
3059	2300	5
4313	2300	2
5179	403	2
1109	4865	4
1880	4865	51
2885	4865	7
2390	4865	2
2078	4865	2
4805	4865	19
4106	4865	6
436	4865	3
230	5131	6
2600	5131	2
4237	5131	3
1860	5131	2
2649	5131	2
3206	5131	6
2164	5131	2
5193	5131	2
4964	5131	2
1374	1278	2
1962	902	4
3672	902	4
367	902	5
2191	902	2
3232	902	3
1166	902	3
4631	902	2
3452	902	2
3735	902	2
4501	902	3
475	2421	2
3078	4523	2
4654	2305	12
101	2305	6
2531	2305	7
230	2305	2
364	2305	16
1962	2305	3
2069	2305	4
2470	2305	4
1838	2305	2
5224	2305	6
1799	2305	3
1629	2305	5
3333	4792	2
4654	4323	13
101	4323	3
2531	4323	2
587	4654	3
2470	4654	17
3651	4654	2
3989	4654	2
1644	4654	2
5011	5026	2
4486	5026	5
933	5026	2
4629	5026	2
3445	5026	2
11	1888	2
1962	1888	2
2303	1888	2
2966	1888	3
1488	1888	5
1584	1888	15
446	1888	10
4281	1888	4
1021	1888	4
4075	1888	2
2303	2087	2
3672	5051	4
2628	5051	4
653	101	4
41	101	3
1108	101	2
3243	101	3
2069	101	5
790	101	3
1838	101	9
1086	101	9
2794	101	7
4689	101	4
4974	101	2
195	2917	7
2531	2917	2
3509	2917	8
1022	2917	2
2040	2917	5
5079	2917	3
5224	2917	6
153	74	6
2531	74	3
230	74	4
1962	74	14
2303	74	17
1222	74	3
4766	74	2
2600	74	2
4671	74	3
469	74	5
5079	74	3
480	74	4
229	74	5
3060	74	3
4778	74	5
2705	74	3
1732	74	2
1574	3860	2
2531	153	2
2690	153	6
2600	153	2
469	153	3
4700	153	3
3206	153	2
2109	195	5
1358	195	2
2476	5201	3
3133	5201	2
3720	5201	3
2611	5201	2
2109	550	2
764	3270	4
3457	3270	7
2885	2531	4
4532	2531	3
2600	2531	2
1015	2531	2
3490	2531	3
933	2531	2
3989	2531	2
2568	2531	4
3858	11	3
933	11	2
2096	4296	2
1880	3148	5
4867	3148	3
7	3148	2
2979	3148	2
8	2883	3
397	2883	4
1116	2883	2
233	2883	2
4319	2883	2
3692	2883	2
600	3509	8
501	3509	7
160	3509	34
933	3509	8
3975	3509	4
456	3509	4
5091	3614	2
4732	3339	2
2303	4583	2
2721	4583	8
3626	4583	8
3819	4583	9
1483	2775	2
2484	2775	2
1309	5001	2
2303	5001	3
91	5001	2
3019	5001	2
5180	4613	2
237	4613	4
2859	4613	3
1008	4394	3
1799	4394	3
2668	4394	5
1488	5179	2
472	2623	4
1307	2623	2
3584	1661	2
4491	1661	4
1673	1661	3
2303	3721	2
2113	3721	3
240	3721	2
1636	836	5
230	3135	3
3243	3135	2
4286	3135	2
2303	3841	3
537	3841	2
1441	758	2
582	758	2
2966	3858	2
3341	4569	2
1584	4569	7
446	4569	6
3831	4569	2
4850	4569	2
1874	4569	2
2426	4569	2
4036	4569	3
1089	3408	2
3983	1441	2
2303	2971	4
4486	1252	2
3206	1252	2
2156	1252	5
1987	1252	3
3853	1252	2
5130	1252	8
4841	282	3
1025	4956	5
230	653	3
3672	653	3
2984	653	2
2815	1068	2
2353	2075	5
3217	2075	5
3628	2075	4
1200	2634	6
600	2634	6
933	2634	4
4807	869	2
5059	5230	16
4396	3546	4
1682	2702	2
1518	2702	2
2175	2702	4
3181	2702	4
1516	2702	4
2109	4825	11
537	365	3
5079	365	4
5224	365	7
4241	365	3
3492	1534	3
941	896	2
2301	1372	2
3950	1372	4
2574	3495	11
4543	3495	13
3371	191	3
237	809	2
41	2700	12
3243	2700	2
2470	2700	2
2794	2700	2
933	4753	4
3420	4753	2
5245	4091	6
563	4091	2
4486	4091	3
160	4091	4
2456	4091	6
3749	4091	2
764	8	3
116	8	2
1930	8	2
36	8	2
4241	8	2
506	8	3
5233	8	10
4538	8	4
3127	8	3
29	8	2
4085	8	3
1394	8	3
1715	8	2
3714	283	2
850	2476	4
2047	2476	6
1329	2476	6
1880	5245	6
563	5245	2
3594	5245	4
3256	2237	4
3132	764	8
1962	764	7
2885	764	6
3057	764	13
2303	764	7
2897	764	2
2600	764	2
1065	764	2
7	764	3
2470	764	2
1025	764	7
506	764	2
3332	764	10
2603	764	3
1473	764	2
4115	764	2
2122	764	2
3975	764	2
1644	764	2
4111	764	6
4935	764	3
4762	764	2
1758	230	2
1108	230	2
3243	230	3
2069	230	2
1751	230	3
2470	230	5
2984	230	4
2794	230	3
2627	230	4
2303	2901	11
4283	505	2
2504	4732	12
2128	4732	26
562	4732	10
2109	4732	2
4241	4732	4
4870	4732	2
765	877	5
116	877	3
4241	877	3
2600	3204	3
3211	3204	5
4424	3204	2
3950	3204	9
5193	3204	2
639	3204	2
1412	3204	2
933	3020	9
41	4563	3
3967	364	4
2600	364	3
1799	364	3
1320	364	2
3610	364	3
5193	364	3
1447	4133	4
2194	1962	2
2303	1962	6
483	1962	4
587	1962	2
3243	1962	3
598	1962	2
2470	1962	8
1488	1962	21
1613	1962	2
3053	1962	7
3583	1962	2
5140	1962	2
4463	1962	5
3206	1962	7
3085	1962	3
4778	1962	3
1567	1962	9
3989	1962	2
2574	2690	4
5049	2690	3
537	2690	2
2303	634	3
2109	634	2
2600	850	2
1739	850	5
1574	3369	3
5011	52	4
3777	52	3
1005	52	3
4629	52	2
2390	2322	9
4841	1575	2
2390	2562	2
3565	1880	3
3259	1880	2
4492	1309	4
2854	1089	2
2504	1475	17
5011	1475	2
323	1475	3
1214	940	6
1687	992	3
2721	992	4
2303	3977	5
2600	3977	2
2113	3977	5
600	3977	5
563	3977	2
2027	3977	5
537	3977	4
5224	3977	2
4594	3977	6
756	3977	2
4085	3977	5
5193	3977	2
4194	3977	6
2303	180	3
1116	3057	2
2122	3057	2
1400	3057	2
1225	3057	2
2303	2574	4
600	2574	2
2096	2574	37
1025	2574	8
5049	2574	2
1613	2574	24
4146	2574	9
1680	2574	3
1510	3273	2
840	3273	2
2561	3273	3
1009	3333	2
1327	3333	7
4536	3333	3
1168	3333	2
3492	3333	2
2109	3138	3
4085	3138	7
1827	2504	2
880	2504	4
4241	2504	2
2442	2504	3
952	2504	2
5011	1199	2
880	1199	4
2442	1199	2
2047	3640	3
3029	3579	2
3350	3579	2
416	3579	3
1856	3579	7
741	3579	2
895	3579	9
2755	3579	9
5147	3006	2
5002	2303	2
1167	617	3
1732	1222	2
1682	1827	2
4775	3667	2
1548	4506	2
1168	3116	3
988	102	6
1825	4299	4
1013	4492	2
988	4492	2
1185	4492	2
1574	4492	3
7	4154	2
2745	2040	6
5079	2040	4
828	4532	2
933	4532	5
3023	3359	3
855	152	3
3243	3672	8
790	3672	12
1584	3672	4
4286	3672	3
3053	3672	6
5011	2849	3
3213	2849	4
2906	2849	2
5123	2849	14
5216	2849	3
1488	2141	3
4286	2966	7
933	2600	4
3526	2600	5
1307	397	2
1580	5011	20
2027	5011	2
1656	5011	2
4670	5011	3
4769	5011	4
3445	5011	2
4309	1196	3
5233	1196	7
4586	1196	3
2505	3753	3
5212	3753	6
3503	3753	2
696	3753	2
5233	2747	3
4867	3026	2
1	3026	3
3401	3026	5
587	4867	2
116	4867	3
5147	4867	4
3492	4867	2
1563	4867	2
2736	1457	3
4594	22	2
2409	1741	2
3585	3427	2
3332	3427	4
1604	655	6
7	483	2
5061	483	2
1013	1775	11
2663	3038	3
1065	41	3
625	41	2
3302	41	6
1095	4151	3
2021	4151	2
2938	4151	6
4491	4151	13
1673	4151	6
1627	4151	6
430	3350	2
416	3350	14
1963	1535	3
3453	1535	3
4744	1580	56
3289	1580	2
4486	1580	19
3371	1580	6
1402	1580	4
1005	1580	2
4629	1580	3
4670	1580	2
1163	1580	2
3470	1580	18
4783	1580	3
4284	1580	3
875	2128	4
1238	2128	2
880	2128	3
2636	2128	4
2442	2128	2
2996	2128	4
4309	2612	3
520	1893	2
446	2318	5
63	2318	3
5233	1643	2
1519	2893	2
2277	2893	2
933	4472	4
1466	4472	2
887	779	4
4389	3213	2
3973	3213	2
2220	3213	2
3457	2113	2
727	2113	2
1037	2113	2
4085	2113	2
2164	2113	2
5193	2113	2
4389	3742	3
2191	2013	4
2716	2013	10
3125	2013	2
1873	1872	5
2566	1872	2
7	1609	13
2347	4095	2
367	91	9
933	91	6
2008	91	46
4670	91	10
1163	91	2
4334	91	6
1254	91	7
3584	3679	4
2069	1108	2
1838	1108	6
4052	1108	5
1086	1108	9
2470	1227	2
1086	1227	2
1185	1227	3
5061	1227	7
2069	587	2
7	587	23
2516	587	12
1584	587	22
4286	587	26
988	587	12
1086	587	4
4281	587	2
1185	587	2
2668	587	3
4276	587	5
921	587	2
1594	587	3
2310	587	2
241	587	3
1284	3243	4
1537	3243	3
81	3243	3
376	4164	2
933	1200	6
1009	3341	12
1963	3341	2
4117	5159	2
600	0	7
537	0	5
5224	0	3
1931	0	3
555	0	2
1017	0	2
4500	0	2
2788	855	2
17	855	2
1025	2552	2
2731	4401	2
1955	598	4
524	598	2
1584	4524	2
1571	1084	3
3319	1084	2
3310	1084	3
4842	1084	3
323	875	10
1238	875	5
3645	875	2
3597	875	2
367	323	2
3903	323	3
1238	323	4
2636	323	2
4684	323	2
4737	323	2
2027	1942	2
4017	1942	9
5086	1942	6
933	1015	2
1584	2069	5
4126	2069	4
1584	2247	5
3377	2247	2
4752	479	2
3553	479	2
790	7	3
1584	7	2
3053	7	5
4463	7	2
1679	7	3
715	7	2
1567	7	5
2108	7	2
1680	638	4
2729	4031	2
1009	1139	3
4486	1865	2
2175	1682	4
3181	1682	4
1516	1682	4
5224	4335	10
915	4335	3
5140	2470	3
4059	2470	6
1541	2470	4
3975	2470	4
933	600	7
4698	3921	7
1408	3921	2
1225	3921	2
2815	3921	4
1543	3921	2
3615	3921	2
2109	2088	2
1584	1009	2
4536	1009	4
956	2396	2
4962	530	2
435	530	2
1167	4962	3
4330	1491	2
2546	1491	2
4330	960	3
2546	960	2
4330	3760	2
2546	3760	2
5147	12	2
1238	562	2
880	562	2
2636	562	2
2442	562	2
2996	562	2
5204	3657	3
2546	3756	2
5224	3756	2
3206	58	6
2751	58	3
4241	4895	2
3314	4237	4
933	4237	2
1140	4237	3
2109	1327	2
1798	1892	2
4714	2788	4
3571	2788	4
4486	1004	10
4723	1004	4
1247	911	2
3137	2802	2
2745	3959	3
2102	724	2
4538	724	4
4330	2362	4
2546	2362	3
1025	2390	4
3492	2390	9
4841	2390	29
3230	2078	2
2234	2516	2
1574	2516	2
4486	3493	19
2109	1518	3
174	1518	6
768	116	2
2109	2658	5
904	1231	2
3453	1231	2
1086	1838	2
1025	2096	9
4543	2096	16
1613	2096	43
3568	2096	2
3492	2096	4
4146	2096	16
4556	2096	17
4252	2096	2
4085	2096	82
1680	2096	2
4739	281	2
3289	4744	8
2423	4744	5
3060	4744	2
1402	4744	3
2721	4744	3
3764	4744	2
4945	4744	3
3205	464	2
36	1025	2
910	1025	5
4841	1025	3
2109	1025	5
4241	1025	2
1094	1510	2
4074	352	2
3873	352	2
1459	1488	3
3989	1488	2
4158	278	3
1095	1013	3
1623	1013	4
865	563	2
2456	563	2
4484	563	2
4486	3289	2
5102	3289	2
4769	2027	3
3599	2027	2
3900	2027	2
2945	2027	6
4486	3187	6
3053	1781	5
1584	2417	2
3053	2417	2
1095	4105	31
636	4105	2
1603	4105	4
1135	1584	3
3448	4286	4
3492	1613	7
4841	1613	4
2109	1613	11
2456	1613	2
5224	1613	7
933	1613	3
3443	1613	2
3975	1613	3
4531	988	19
2668	988	2
4075	988	2
3989	988	2
4486	3023	2
4005	547	2
933	537	12
1739	5147	2
3999	3720	3
1750	3114	3
2119	891	13
4805	891	3
2715	5084	2
4463	223	3
4127	2984	2
3205	2191	7
198	72	4
1748	4486	10
1116	4486	5
3060	4486	6
4329	4486	12
2721	4486	7
2793	4486	4
4411	4486	13
5041	4486	3
2245	4486	2
1916	4486	3
4670	2382	7
2054	2382	3
3387	2382	4
3453	1963	2
4698	3892	2
5108	3892	2
2546	3583	8
4723	3583	3
4518	602	3
1531	435	2
3311	2546	2
2549	2546	2
2809	2546	3
933	508	3
1225	1446	3
293	520	2
293	160	13
3019	160	2
3968	160	8
1831	160	10
181	160	2
2698	61	3
2825	3082	3
2198	224	2
964	3789	2
1833	114	2
5046	3184	2
933	1030	2
933	36	7
1931	286	5
3054	286	3
1164	1625	4
3597	3903	2
2668	1606	4
716	1238	2
3698	1238	2
3965	3209	2
885	4158	12
2456	3321	4
3942	134	3
741	2744	5
895	2744	4
2755	2744	7
4939	2744	5
3421	2744	2
3239	1748	3
986	1135	2
1130	1135	2
3597	4245	2
1183	4245	4
2151	3473	2
3019	2170	2
2119	1168	4
4805	1168	4
2442	1168	2
1095	2859	2
933	3902	3
1906	17	6
2611	17	3
4841	3492	12
3948	3033	3
2119	880	2
4805	880	2
2442	880	2
4778	910	6
3975	910	6
2553	2377	3
2994	2794	2
2521	2794	2
5069	2794	3
2142	2794	2
4994	2794	3
933	525	8
3206	525	4
903	2456	8
1574	5140	10
4463	5140	2
3651	5140	6
1548	1007	5
1257	3688	4
2372	3688	2
3999	1739	8
612	4146	2
1485	3205	3
3299	3205	2
1332	3205	2
4726	1116	2
3797	1116	11
4194	1116	2
3682	1116	2
290	1116	10
1427	2636	2
3597	2636	5
3699	4281	3
3377	2573	2
4339	2573	3
2938	3584	5
2639	3584	4
4430	961	2
2442	3847	3
468	430	2
1878	4393	2
1473	5092	3
1394	423	3
4194	423	12
1574	2649	3
4463	2649	3
4614	2649	2
2652	2649	3
3424	930	2
1931	4905	3
3933	4905	3
3752	3942	2
2438	1021	2
503	1021	3
751	1185	6
2764	1185	4
751	1574	2
3651	4463	2
1799	1008	3
2668	1008	5
2668	1799	5
4075	1799	2
1094	1799	2
2823	1799	2
1431	1799	2
4730	1307	3
1033	4805	2
4637	4805	6
2727	4805	2
2746	2668	2
305	2668	10
5141	2668	3
3536	2668	2
356	2668	2
3441	2668	4
1777	2668	3
714	2668	2
3130	2668	2
3547	2668	2
741	416	9
903	506	2
2384	506	2
2540	1348	2
3432	342	3
4246	1519	7
5061	1519	10
2764	1519	8
5115	933	2
4852	933	2
985	933	2
1258	933	3
5193	933	2
4670	3019	4
2419	4276	2
412	4276	2
2663	3212	2
2425	3212	2
3594	509	5
4998	5251	3
198	5251	2
703	3457	2
4568	3457	2
4778	5233	5
3371	2423	2
2569	4791	3
3779	4791	2
3779	2569	3
4752	2569	2
1224	2569	2
177	3206	6
1402	3371	2
2599	3371	3
3764	3371	3
4945	3371	5
3999	1564	3
2914	2321	3
3639	2321	2
5061	751	8
3950	2981	4
4670	3060	8
4197	3060	8
4969	1801	4
4283	1801	2
1680	1801	2
436	2187	11
234	3085	4
4725	3085	2
198	3085	2
4137	305	2
3536	305	2
356	305	3
2666	305	2
3441	305	3
1777	305	3
1471	305	2
714	305	3
3130	305	2
3547	305	2
4194	4813	8
4752	3779	2
3166	3779	2
119	4094	2
1966	1409	2
2097	921	2
3211	1594	6
2301	1594	2
3950	1594	4
4060	1594	2
1931	1303	4
3925	5214	3
1921	4163	3
3782	560	2
2926	2581	2
2721	2748	3
3975	2748	2
1903	119	3
5187	4329	3
3130	3536	2
3547	3536	2
2245	43	2
1903	633	2
554	1356	2
3988	14	2
3450	1093	2
1005	1656	3
2964	3771	2
1247	1112	4
5193	2156	2
198	2156	2
804	466	2
2207	466	2
3390	3749	2
1388	4453	2
3259	3001	2
696	4488	12
1334	4488	5
491	5212	2
3000	5212	2
1364	1350	2
714	1777	2
4365	2215	3
4911	4637	3
3613	179	3
2858	4896	2
804	4896	5
4799	4896	2
5138	4896	2
4074	2598	3
3979	2598	2
3516	2598	3
3726	2598	2
5138	2598	2
2207	2598	2
4194	2437	2
554	3450	2
3547	3130	2
2553	1459	8
5061	3575	3
4339	3817	5
5061	4653	10
3028	1754	3
1948	1754	2
1067	2122	3
2331	5106	2
1585	1413	4
3615	3306	2
2144	4042	2
1603	2889	4
3626	2889	4
2697	2889	4
3244	4392	2
421	4392	2
1184	4726	2
1931	4726	8
3692	4726	2
1394	138	2
465	4418	4
4173	5118	3
1361	266	4
5216	4777	3
4819	4087	4
729	4087	2
708	747	2
4670	1232	3
3999	4922	3
3926	5244	5
105	5244	4
4611	5244	3
1834	269	2
4670	3730	2
2722	3730	5
2616	3730	5
2306	576	2
4006	576	2
4057	1055	3
1931	708	4
3425	708	4
1119	708	2
363	3613	3
4306	5187	19
198	1959	2
1316	473	2
2468	1400	2
1316	1400	2
1443	1400	4
727	1400	7
145	1400	2
2716	670	12
4880	2537	2
4702	2537	2
3999	213	3
4194	213	5
1673	2021	3
2178	2021	3
4291	1223	2
1680	876	2
203	4415	2
2142	5069	3
4994	5069	4
1603	1891	3
4916	5198	3
2992	4880	4
2357	3559	2
5238	3222	2
3975	1184	4
3733	1316	2
432	2904	4
522	2904	2
1029	2919	3
203	2126	2
3162	2126	2
1394	2126	3
4659	2126	2
3999	2126	3
4194	2126	16
5038	2126	2
2366	2126	3
450	2126	2
3069	2126	3
2806	2126	3
4708	2126	2
1432	2126	2
1276	2126	7
1834	1931	2
3002	3744	3
5193	4670	2
3259	4670	2
4916	1906	2
2142	2887	3
4194	4195	3
1636	1326	3
3743	3846	5
757	3846	2
4871	5200	2
1636	57	3
3445	4038	2
3018	3145	2
2986	1568	2
1333	4769	4
4214	5190	2
4194	817	4
1681	2144	3
1834	5039	5
4589	5039	2
1810	5039	3
4430	727	2
3264	727	5
4424	4860	2
463	2938	2
2659	2938	3
945	1676	2
3238	1676	4
2951	1873	2
1163	1996	2
5193	1996	3
447	1937	2
4090	465	2
1100	465	3
1358	3674	2
2659	2639	4
2659	1673	7
1129	1435	4
2724	4998	3
3837	2167	3
696	432	2
3259	432	4
3919	432	2
522	696	5
2659	1627	3
3973	3926	3
3296	3189	2
1626	2927	2
115	3346	2
4194	3612	6
3950	2301	4
1330	4807	3
1680	4807	8
4060	3950	2
4607	3950	2
1636	861	7
1461	861	3
5028	1636	2
1189	1636	9
1733	1636	2
139	1636	2
1862	1636	3
4165	1636	2
2409	3936	2
1019	3936	2
4388	4478	3
2164	4594	3
3639	372	2
2436	3780	6
4799	1927	2
5138	1927	2
3065	2269	2
1512	2269	2
1496	3125	2
4194	1302	3
698	804	3
4821	3639	2
2164	4085	2
3303	763	3
93	916	3
1496	1752	3
2103	3726	3
1029	610	3
4318	2557	2
1029	219	3
112	997	2
1163	1176	4
1763	1176	3
2326	1176	9
1294	1176	2
2306	773	4
1968	1319	2
3320	1319	3
198	26	2
522	1914	2
4906	1834	3
1455	1834	3
5023	1834	2
4589	1834	4
1301	1834	2
4194	3998	14
1431	1094	2
1998	2786	3
1879	2997	2
2545	2997	4
1700	2997	12
4005	2997	20
4620	2997	13
2372	177	3
4608	2934	2
3325	2143	2
5216	2381	3
885	244	2
2986	2009	7
569	2009	7
5018	2009	7
4254	1455	3
2145	4834	2
4099	3258	4
1896	2765	3
1793	2765	11
490	46	3
1793	46	4
2108	46	2
1793	490	6
1793	1552	12
426	3293	4
1807	1310	4
1793	1310	7
4229	1310	3
906	794	2
1793	1807	4
4099	1971	6
1337	2563	4
4816	1608	2
800	4655	2
5102	1664	4
3054	3637	3
2986	3637	2
2764	3637	3
1623	885	2
590	2629	5
2553	3661	3
2698	3703	2
698	3703	2
1925	4180	2
3054	1189	3
4283	1189	2
3155	76	12
1027	76	12
5102	76	12
3150	1333	3
3470	371	2
5081	158	2
4194	2066	3
1849	5044	2
2294	3081	2
4060	2698	2
4118	3671	2
1766	4883	4
1766	679	2
1071	3743	2
4816	5160	2
4194	2583	8
698	900	2
4589	5081	2
4194	1430	2
3919	522	3
2409	906	2
3445	4783	2
3609	2289	2
4476	4547	5
2228	785	2
1368	785	2
4476	2121	3
1895	3845	2
4991	5172	3
3315	5172	2
2742	5023	2
2787	3540	9
4283	3054	2
2986	3054	3
2281	3827	2
1614	4715	2
1181	4346	2
2720	1895	2
4589	1895	5
2171	3218	2
4267	2501	2
1014	2136	2
569	4991	5
4513	486	2
2986	4283	5
569	2986	6
5018	2986	5
4979	3553	2
837	3265	2
4200	1483	4
4485	1483	2
3284	346	4
2103	2432	4
4979	2063	2
447	176	2
3259	2907	5
2646	3873	3
4064	4409	3
1650	4758	2
2684	4758	8
2684	4758	8
1669	3697	5
1250	5154	2
502	5154	3
447	2493	4
3048	2000	4
3997	104	3
489	2795	2
271	2767	3
4702	4000	2
5101	1300	4
2879	1300	2
4439	1300	3
1224	3166	2
3872	4431	3
3337	369	2
5178	3724	2
3400	155	5
4564	1219	2
5217	3619	2
3157	967	2
2463	1642	2
1029	496	3
4466	2410	3
3107	1288	3
1029	969	3
340	969	2
684	908	6
3048	1982	2
4520	2939	3
189	27	5
189	5253	8
2307	2061	2
4520	4322	2
4010	2534	2
945	4796	2
5227	546	2
1259	1753	2
2001	4706	3
4920	1038	3
4100	110	2
